  0.00295901851155152  0.00304104608455591  0.00315684855334776  0.00328162041252828
  0.00340997944277656  0.00354235639074947  0.00367913090873298  0.00381923955041280
  0.00396512776966080  0.00411665329360500  0.00427337367955840  0.00443568455274384
  0.00460409757436497  0.00477868484535095  0.00495939912702325  0.00514695696123728
  0.00534336638575001  0.00554825740355872  0.00575909338135989  0.00598116970403113
  0.00621161992595233  0.00644940572800700  0.00669599041213143  0.00695318991149584
  0.00722090399205516  0.00749742817273922  0.00778309962758625  0.00808227066795744
  0.00839703683264776  0.00872269638101262  0.00906734492304529  0.00942704734607085
  0.00980065810009568  0.01018776647071381  0.01059066337242495  0.01101076919889320
  0.01144696744848189  0.01190125206035736  0.01237900554098188  0.01288116650530470
  0.01340345655339687  0.01394765796540729  0.01452110615199177  0.01512347014836487
  0.01574921622150405  0.01639941282353121  0.01708853082055201  0.01780704250464980
  0.01855564626585873  0.01934488190459210  0.02017561277816336  0.02104534853674433
  0.02195787268120644  0.02292069599524254  0.02393816846302543  0.02500838511200963
  0.02613209555842620  0.02731591365298969  0.02857432236455472  0.02989674385938951
  0.03128385047847107  0.03275234640795732  0.03434123876409547  0.03603734255604776
  0.03783717096912231  0.03973151181119799  0.04176345584731535  0.04392984742286493
  0.04624559523898029  0.04873687922773721  0.05142316117660117  0.05433950512179210
  0.05748548285839968  0.06086717954388510  0.06451427267432576  0.06851874104347712
  0.07287478651879818  0.07765300712991835  0.08286007985989537  0.08862722767037463
  0.09503357218801746  0.10210897765174562  0.11004392788689661  0.11914371466371870
  0.12946620877843618  0.14105975629028197  0.15407333358040445  0.16878808390552155
  0.18668287500689229  0.20824842836774785  0.23211202621025562  0.26087049555112152
  0.29690932649172547  0.34498089966788947  0.42219081803467251  1.00000000000000000
 -0.00240063304277145  0.00943140609330529  0.01950761985620939  0.02988323819723248
  0.04025242300215602  0.05070705132935502  0.06120804566935647  0.07173329133374511
  0.08228248993053579  0.09269540251803489  0.10318227981040405  0.11360473576207233
  0.12405934546299510  0.13444742769930446  0.14490365911251096  0.15547867361067275
  0.16596406803704408  0.17630252270414651  0.18650468332154063  0.19690279913295289
  0.20722413620781754  0.21776328104029805  0.22824936218250208  0.23880484592360990
  0.24927785291912657  0.25972136365182247  0.27019848584317235  0.28080829969943327
  0.29148196410322069  0.30221886997903818  0.31291787846757846  0.32361978713146256
  0.33440286899724680  0.34517245720918016  0.35583651905376595  0.36638304122482568
  0.37677991825914897  0.38718490020241042  0.39758705232732799  0.40820237915689322
  0.41887508969522230  0.42951264032127423  0.44017370961533769  0.45096050573065738
  0.46165834683973445  0.47223311707040744  0.48272584927347367  0.49339576277614816
  0.50397015397621292  0.51440529454963968  0.52478274637361833  0.53537055516543530
  0.54601382928092113  0.55666703766544401  0.56721034476289967  0.57786644486298855
  0.58859210748490587  0.59939412538189918  0.61004678138780088  0.62055469673547636
  0.63105295890002999  0.64157720944839469  0.65207746798257971  0.66257714845407090
  0.67309683033078349  0.68377247449889500  0.69441845982285666  0.70509274766583574
  0.71562101386887145  0.72619614133696897  0.73666764639881765  0.74708075285186326
  0.75759996569452559  0.76812030677302601  0.77865643870306001  0.78919583573582819
  0.79985294880349778  0.81056580095029063  0.82097156650253522  0.83146700087776015
  0.84200085024460503  0.85245984026845323  0.86286728962112669  0.87334171299722718
  0.88411091179341617  0.89500667164851211  0.90573659669062379  0.91646882310564159
  0.92711600061040433  0.93773435543119121  0.94810945940645297  0.95852964855419220
  0.96880889378748003  0.97927787355537654  0.98957865014993140  1.00000000000000000
  0.12563974720030932  0.13315000328266743  0.14106628959944811  0.14899871145214183
  0.15698536414436837  0.16497266491113358  0.17302906772963589  0.18109481002101632
  0.18920205381913557  0.19735475032187194  0.20552054889061686  0.21374480631685203
  0.22197568468434353  0.23022363696279102  0.23849075554417590  0.24679704661510399
  0.25515714930527938  0.26351227091801249  0.27188360046696702  0.28030757976592224
  0.28878779746962707  0.29731352111777859  0.30587506242114287  0.31445917409366236
  0.32305682165552518  0.33166801140145313  0.34031518220610618  0.34898355008024945
  0.35768317567257535  0.36643925900027730  0.37524265613839275  0.38413640848835240
  0.39307006663777072  0.40196713877513141  0.41081821476777602  0.41964947583825268
  0.42853469695798735  0.43750303774962818  0.44653931601834329  0.45558627243021466
  0.46465254194507438  0.47374878496195633  0.48285057115613972  0.49197329468450696
  0.50108300088146884  0.51013827751645813  0.51916406057531017  0.52819828220261045
  0.53733379250086721  0.54656241363054803  0.55580711605650368  0.56502491617328243
  0.57421775062013747  0.58340915527095683  0.59252169642495633  0.60154792331610873
  0.61056022382847774  0.61964819318417474  0.62886316780424456  0.63814326021976397
  0.64741318871762910  0.65663696091691015  0.66582712079461881  0.67502295491484277
  0.68431672489051831  0.69371147009114220  0.70316043299884290  0.71259207482122844
  0.72196100647409966  0.73131634557419833  0.74076592711554679  0.75036290332020850
  0.76011568948036756  0.76992200041292225  0.77968941701072070  0.78940130121746910
  0.79902919543358941  0.80859455784876955  0.81818568698577476  0.82783932623088607
  0.83761205757999480  0.84748014322833509  0.85750292027696273  0.86762713465882679
  0.87792780684304927  0.88838888197187871  0.89905172049440607  0.91005151540037066
  0.92133536218162582  0.93263813354777236  0.94291146599410125  0.95198696343950506
  0.96087991495244751  0.97055259497987756  0.98302527201449941  1.00000000000000000
   6.4489001615605050E-003  -1.0000000000000000     
 F F F F F F F F F F F F F F F F
  <DiscreteSampler_grid>
  grouped_processes
  1 # 1 for a reference and 2 for a running grid.
  10 # Attribute 'min_bin_probing_points' of the grid.
  1 # Attribute 'grid_mode' of the grid. 1=='default',2=='initialization'
  0.0000000000000000 # Attribute 'small_contrib_threshold' of the grid.
  0.5000000000000000 # Attribute 'damping_power' of the grid.
 # binID   n_entries weight   weight_sqr   abs_weight
    10   10   4.293236150839897E+010   4.273525074741866E+021   4.293236150839897E+010
  </DiscreteSampler_grid>
