  0.00017634743310660  0.00029290378683710  0.00037800486810450  0.00045599125186823
  0.00053098980506010  0.00060521220097661  0.00068097047713465  0.00075733529713855
  0.00083248674526011  0.00090543311901488  0.00098133718536339  0.00106236859947865
  0.00114581431730336  0.00123643263151308  0.00133095916328784  0.00142872256928747
  0.00152401886135209  0.00162127367721972  0.00172607340870682  0.00183539768424444
  0.00194753937498828  0.00206597018334665  0.00218958670001346  0.00232493494137619
  0.00246639243068589  0.00260962441291655  0.00275007376288355  0.00288870380235124
  0.00303250537389658  0.00318571716140582  0.00334244008787337  0.00349712038717610
  0.00365245308590847  0.00380863724995704  0.00397329256237013  0.00413560626735571
  0.00429981879733033  0.00447313954047407  0.00466178791638153  0.00486516646455635
  0.00506810774248130  0.00526551913560350  0.00545981349502024  0.00565013981934405
  0.00583804198354861  0.00602822898988867  0.00622459191968369  0.00643227041220926
  0.00663907774015875  0.00685238926162402  0.00707909996519931  0.00731872014557373
  0.00756647839141093  0.00782656390780829  0.00810446250421079  0.00839648293348927
  0.00871854080823706  0.00905018331809860  0.00939578475819866  0.00975731730552199
  0.01013178779687609  0.01051903345888001  0.01092292470899900  0.01134722614885539
  0.01180022266525695  0.01229083443632336  0.01283020417068027  0.01339185766947343
  0.01401569592554739  0.01469009005993692  0.01541405578540502  0.01621165182605361
  0.01707012602986692  0.01798817820782248  0.01902109364360518  0.02020787339013765
  0.02152670332251627  0.02299058161988058  0.02461189145551682  0.02640808097335503
  0.02843937538861544  0.03087838060367358  0.03382329633180395  0.03732533009637472
  0.04147995822799767  0.04646723206684027  0.05267517623515831  0.06048352904297964
  0.07038215561994132  0.08386788119718877  0.10402694210121219  0.13496108421001954
  0.18446962293997496  0.28797560586536813  0.63596750823757797  1.00000000000000000
 -0.00000608152943711  0.00042754754321238  0.00075701200255726  0.00106151358874428
  0.00143413913840027  0.00190489287452181  0.00235855863304514  0.00282746039126459
  0.00328425690146312  0.00372703680746763  0.00423867062837167  0.00481485754973085
  0.00529709124288436  0.00573891557744513  0.00614494871352744  0.00660286798387335
  0.00707997778661087  0.00766831443433115  0.00824498413217429  0.00877198643968943
  0.00925628133000097  0.00972246451083255  0.01017018425011572  0.01065868834541911
  0.01125153479612888  0.01191867002578901  0.01258850267047334  0.01325261140473073
  0.01393178378314385  0.01463524222770987  0.01540213097306064  0.01622096322255797
  0.01703871364706093  0.01788208699241798  0.01875670554175680  0.01962892387963404
  0.02051139289709206  0.02138729936184140  0.02226438486054464  0.02317535437237172
  0.02416250001008580  0.02527382748393084  0.02657693210906601  0.02787839169262769
  0.02914287653400890  0.03042889323528777  0.03176307932555803  0.03313397647238498
  0.03455786220519304  0.03608435683739576  0.03764332244063069  0.03926948117040578
  0.04096593034938789  0.04275247239442920  0.04463085160170844  0.04658737339222697
  0.04864520610132309  0.05084547629217732  0.05318235344293739  0.05564020784020109
  0.05824247067677369  0.06093260456130078  0.06379590961515909  0.06687011206766515
  0.07018677849063328  0.07364902380274913  0.07705519723628503  0.08040310581608225
  0.08381939066705774  0.08729036275147933  0.09071052860141018  0.09405196945504177
  0.09764741205890372  0.10132983019100827  0.10506794989362948  0.10886975894367462
  0.11278131986069478  0.11702884008157657  0.12162031024006723  0.12674563606910344
  0.13239063532710113  0.13856780123458270  0.14531575612710390  0.15298949065780024
  0.16156666997113192  0.17148572224607844  0.18276928659560568  0.19650921442563007
  0.21277148125562378  0.23311527829924189  0.25840555121607139  0.29129693865766504
  0.33747755367460985  0.40514097228221368  0.54368748578824178  1.00000000000000000
 -0.00226845150868935  0.00978854067652670  0.01987737163209475  0.03022646744409276
  0.04055355079471257  0.05001441196764034  0.05939002252175148  0.06858128732409513
  0.07808171370516989  0.08742481444479126  0.09632447827797061  0.10515464234950504
  0.11436194665976006  0.12331179679630859  0.13226550401941381  0.14165704158652623
  0.15152489964478610  0.16152001145272923  0.17102379000464768  0.18073963663344145
  0.19108777455059400  0.20194940256098293  0.21286214405278350  0.22333083749814275
  0.23355891221458697  0.24367447531856842  0.25314103085195944  0.26183218850635398
  0.27142356228372755  0.28098968777550792  0.29119903788869944  0.30041575740105381
  0.30946613837639086  0.31809822522900089  0.32704863873568552  0.33659416492559030
  0.34639762253378503  0.35637920459932831  0.36629110931452402  0.37644608540105295
  0.38740947491255368  0.39823459253526450  0.40902604310629498  0.41972508799490149
  0.43037599541007421  0.44107814709886073  0.45158185485859725  0.46216397306777046
  0.47290636223988447  0.48371764984090238  0.49493110370752591  0.50662138736871387
  0.51859021759462876  0.53008928283892043  0.54158171218820950  0.55340238171776213
  0.56547870209393025  0.57739554304223928  0.58947760131335458  0.60199934019532708
  0.61445221529780325  0.62716692229035442  0.64041355350844797  0.65354648958179451
  0.66648160633281128  0.67960703750539864  0.69283740329739618  0.70581368187108962
  0.71898738168578802  0.73256986536433888  0.74606522126963748  0.75951658925206667
  0.77252735194742239  0.78507522309944422  0.79741246390045872  0.80969805112006654
  0.82196500424067387  0.83425785556149012  0.84647690188097424  0.85802461380616613
  0.86883628433209636  0.87939528662638322  0.88967381410676838  0.89942058583307771
  0.90898664565977838  0.91853698275368789  0.92775083454541485  0.93660687571475432
  0.94521623222862550  0.95363998859006682  0.96179460818901430  0.96974789908822301
  0.97745401835429679  0.98499440335953126  0.99245767280267960  1.00000000000000000
 -0.00232493727875840  0.00935111309624294  0.01875492897084003  0.02862462680015643
  0.03902425850962118  0.05074450406999075  0.06212897308854191  0.07354788795306533
  0.08449242357659620  0.09530979016093273  0.10580727181078790  0.11615631510900364
  0.12630030087399782  0.13626698900126266  0.14632720160696952  0.15664391159634733
  0.16721238013189560  0.17759745841903704  0.18809639070954204  0.19842512844405744
  0.20846921521426187  0.21832783734784125  0.22876144373498747  0.23963533868521611
  0.25079741758191260  0.26219601781812429  0.27455367382729146  0.28731706229201137
  0.29899820990522147  0.31038821203410150  0.32204646942962495  0.33380685785930936
  0.34502235649109914  0.35591821645723043  0.36608670105758095  0.37540385306675972
  0.38442764125848533  0.39409700495435307  0.40450637082842023  0.41528015982548871
  0.42561126318260661  0.43623946221309812  0.44683139696447183  0.45725387697243530
  0.46743845810214391  0.47791911433850093  0.48894214281327120  0.49986041948991883
  0.50999900909907747  0.52014844247855763  0.53076445015075691  0.54132706345519332
  0.55111943468105173  0.56044289131784397  0.57007058672329891  0.57974057154768455
  0.58898175147136589  0.59840759645177843  0.60871640181768294  0.61967514575781790
  0.63017866268060474  0.63996436471654283  0.64987787944625630  0.66043321755851137
  0.67158901935755022  0.68290048377229251  0.69410426815630033  0.70510049359264881
  0.71559251809880442  0.72593620853947938  0.73621294517256175  0.74656594481312344
  0.75668981626712672  0.76681559845044944  0.77685822715019193  0.78740456039726503
  0.79789624785986923  0.80907326482759889  0.82055249148789189  0.83190105919217339
  0.84263127606137489  0.85327578883271660  0.86442108852120714  0.87525716757645389
  0.88554528579511926  0.89581977157278692  0.90658189227879671  0.91685787613444303
  0.92703761086298087  0.93721329331396497  0.94784428121799880  0.95855774701917440
  0.96907192991027857  0.97980636796489451  0.98984072854718097  1.00000000000000000
 -0.00225948367543606  0.00953675645191552  0.01957383289564707  0.02993508652723479
  0.03997785181030435  0.05017193591038818  0.06031211269315140  0.07083053170856368
  0.08097632778744823  0.09123865709017823  0.10136769905185745  0.11122788905819420
  0.12086262047114466  0.13052563162528447  0.14005435339641770  0.14958666765057382
  0.15910879597484459  0.16906577093985781  0.17962848558114453  0.19019645767607529
  0.20077925059340454  0.21164683991121966  0.22226637340376482  0.23281460135329160
  0.24354759491903391  0.25409873891690382  0.26486572301948197  0.27538386727460834
  0.28532959243861344  0.29484785969736221  0.30381583527443540  0.31300300851795743
  0.32277168325070593  0.33248878584814279  0.34244974933165595  0.35262880980859590
  0.36321562192150142  0.37385315216449122  0.38465026537304725  0.39544441856936674
  0.40634415085882170  0.41738121809946016  0.42808346398576724  0.43875732712777027
  0.44869361404150315  0.45875206624801890  0.46926202415787582  0.48098807101510754
  0.49352571129376410  0.50597259851202336  0.51784561202254809  0.52972741652084132
  0.54095863982959380  0.55097762833987274  0.56086766526365694  0.57143134676780749
  0.58252752694471599  0.59326707887919250  0.60376749987004175  0.61457494160510784
  0.62560987397107759  0.63609959946596961  0.64623740670911800  0.65576242228946602
  0.66504042453926615  0.67432120666536055  0.68388795880455133  0.69377737626437141
  0.70351533702433744  0.71312538294152061  0.72279257972164423  0.73326430239334672
  0.74413253092062703  0.75501115242921957  0.76643037591547380  0.77740315379486080
  0.78875722105192903  0.80025575712118391  0.81219790115837220  0.82382929383484105
  0.83488495152166586  0.84601941951062731  0.85692657460801913  0.86808944811796629
  0.87903772460462526  0.88994781965349279  0.90056345448031816  0.91138915447108315
  0.92293766230937713  0.93426280324969391  0.94521361344522092  0.95614078014931558
  0.96719583891095451  0.97872714952779871  0.98916270923840977  1.00000000000000000
   3.9468003932893502E-013  -1.0000000000000000     
 F F F F F F F F F F F F F F F F F F F F F F F F
  <DiscreteSampler_grid>
  grouped_processes
  1 # 1 for a reference and 2 for a running grid.
  10 # Attribute 'min_bin_probing_points' of the grid.
  1 # Attribute 'grid_mode' of the grid. 1=='default',2=='initialization'
  0.0000000000000000 # Attribute 'small_contrib_threshold' of the grid.
  0.5000000000000000 # Attribute 'damping_power' of the grid.
 # binID   n_entries weight   weight_sqr   abs_weight
    10   10   5.304793803546696E-002   1.599372732162519E-002   5.304793803546696E-002
  </DiscreteSampler_grid>
