  0.00006987008927254  0.00007648698034303  0.00008115450620173  0.00008559104880969
  0.00009034906390497  0.00009567632561548  0.00010110424378441  0.00010673280558298
  0.00011249378384496  0.00011827939117267  0.00012406280355099  0.00012995214112762
  0.00013590475579607  0.00014185717028478  0.00014768045269484  0.00015341677174151
  0.00015922565667247  0.00016511262414534  0.00017099205548005  0.00017678444615514
  0.00018322013128104  0.00019098272387705  0.00019904834774457  0.00020779647255901
  0.00021686999323314  0.00022645145223708  0.00023656887464508  0.00024708773824997
  0.00025787948821068  0.00026931955853632  0.00028022481662082  0.00029072921005754
  0.00030076875102726  0.00031084666930542  0.00032130238833293  0.00033206596869228
  0.00034400108948779  0.00035763770565494  0.00037251285537150  0.00038825208100906
  0.00040494447845466  0.00042114434720979  0.00043966839233629  0.00045945974431427
  0.00048063393088379  0.00050328641574218  0.00052696961132087  0.00055019281425812
  0.00057343962432066  0.00059777306680104  0.00062323972696561  0.00065071724507641
  0.00068014501477156  0.00071154130621159  0.00074692100959089  0.00078630574832954
  0.00082756272123227  0.00086907902943792  0.00091175180853731  0.00096142781208318
  0.00101359183131326  0.00106531331251373  0.00112344688244757  0.00119145626734539
  0.00126536347109099  0.00134417170318446  0.00143487636639177  0.00153408995755935
  0.00164096643607902  0.00176407325949353  0.00190414073304362  0.00206026529403412
  0.00224590311973768  0.00244040242087188  0.00264886641410163  0.00288456845151902
  0.00316063626434733  0.00348750525032542  0.00388195261109996  0.00435836692905330
  0.00492645249774211  0.00557157679437078  0.00634242406332738  0.00733421452165961
  0.00860860941132415  0.01023329312472683  0.01232070952616378  0.01504110342352096
  0.01887707772837021  0.02401311950085320  0.03108312183778772  0.04255966317089087
  0.06146539068165063  0.09882787213434797  0.19292977611344495  1.00000000000000000
  0.00000144224935893  0.00000323471241421  0.00000526956251699  0.00000752702565812
  0.00001011138075083  0.00001305652223747  0.00001621461559138  0.00001934905748812
  0.00002298907572250  0.00002703962906950  0.00003111679513586  0.00003547551980568
  0.00004010816682593  0.00004503707928400  0.00005048915528750  0.00005625369534630
  0.00006225295585578  0.00006846770674318  0.00007547185970936  0.00008296639327564
  0.00009075352220716  0.00009845168062818  0.00010583520062850  0.00011359964411039
  0.00012163546757559  0.00012999289902972  0.00013881355285983  0.00014796687339026
  0.00015739910608154  0.00016845023599713  0.00018102315742130  0.00019356203253339
  0.00020670579958348  0.00022101099834073  0.00023562009313052  0.00025078870057325
  0.00026748316395149  0.00028522411765933  0.00030368475436562  0.00032457338107837
  0.00034544303330899  0.00036727963260242  0.00039389541933497  0.00042196319045201
  0.00045248025412035  0.00048510503016020  0.00052011551647387  0.00055831033203188
  0.00060054337903760  0.00064638640334987  0.00069787246104282  0.00075354580062312
  0.00081273718775267  0.00087106958269824  0.00093194990693889  0.00099592531094383
  0.00106138040511390  0.00112972409409862  0.00120096652067984  0.00127920128319149
  0.00136482684278604  0.00146321816218179  0.00158636205463031  0.00173992306858390
  0.00190526018866038  0.00207305821928237  0.00224329749591894  0.00242784474745459
  0.00262607032323963  0.00284435323796816  0.00309428335949415  0.00337897010832520
  0.00371461645009701  0.00409764205989665  0.00452039902606866  0.00500969875381722
  0.00555928347899793  0.00614186453677631  0.00682739889675498  0.00762467400477657
  0.00861273944881871  0.00978338243375564  0.01118094262638078  0.01279762428162841
  0.01474816264262102  0.01719359866921298  0.02036820408233522  0.02421393292088159
  0.02915698536406534  0.03604121597528903  0.04579374510678189  0.06145996904506576
  0.08738771255662969  0.13839765078559266  0.32114032512519097  1.00000000000000000
 -0.00277088328991680  0.01098335325179258  0.02205481133579335  0.03316471994449541
  0.04371768336572700  0.05461194843655479  0.06501547717893795  0.07610760531579600
  0.08688426030144966  0.09714481847981603  0.10729988463811185  0.11714093003906807
  0.12757469634850874  0.13823309846225951  0.14922814647789912  0.16043115314618983
  0.17082197332745575  0.18139031428903749  0.19143617875699445  0.20211350235216216
  0.21212664251397828  0.22186339725653959  0.23120293885528301  0.24025121567100866
  0.24942893721587953  0.25959838746848685  0.27064478594257635  0.28232685698909177
  0.29479079703248451  0.30829093494615256  0.32069107735082131  0.33208875889077638
  0.34308781002808025  0.35394799149539380  0.36519288114210563  0.37629605842162339
  0.38693181931580328  0.39687852445694660  0.40624033043333185  0.41627240708148749
  0.42652517063254564  0.43653985246197813  0.44666448851222756  0.45687440725683992
  0.46797689712521467  0.47973173969907784  0.49127834281709315  0.50239394010945215
  0.51287539449201669  0.52322096763985271  0.53360333911533808  0.54439537812377825
  0.55603551638803816  0.56728441937159080  0.57884999761959588  0.58955241395740476
  0.60013258065010699  0.61107928359955721  0.62246123355652383  0.63369088528472495
  0.64460763990103076  0.65542051317308347  0.66611609898567992  0.67601925390298290
  0.68566235898385441  0.69506702226486294  0.70458839355324110  0.71435951209641557
  0.72454546759105731  0.73526133913474578  0.74647156919556679  0.75691996925558713
  0.76740960993210927  0.77752259291625037  0.78774513689125947  0.79831902944989908
  0.80892261307463442  0.81859170453254204  0.82808648883852454  0.83805755650506442
  0.84940418628837588  0.85988711592734079  0.86998343052067884  0.87988076709949592
  0.88913607949541806  0.89768436796191842  0.90621081257200642  0.91489997793520228
  0.92457896826697894  0.93485248932907572  0.94584630327434616  0.95744722251239023
  0.96796161695083960  0.97827609607707922  0.98897407890803368  1.00000000000000000
 -0.00047326399447967  0.00401068930938876  0.00460972607916691  0.00497293601044709
  0.00527703507836060  0.00556122335563004  0.00580203033913798  0.00603132270318272
  0.00625869052468055  0.00648560350176515  0.00672111736753147  0.00695722173932791
  0.00718809301543074  0.00742266537387361  0.00766388695721440  0.00791332520185046
  0.00816783428190314  0.00844071644859755  0.00871581012728407  0.00899312604723976
  0.00929286364263284  0.00960008558761137  0.00991574394348147  0.01024585541315472
  0.01059066453003381  0.01095054103498310  0.01131575913735535  0.01169425497679272
  0.01208307161077838  0.01248012497292854  0.01291071103701272  0.01334870149610482
  0.01379603682891338  0.01425426941022872  0.01471982330580072  0.01520449603539495
  0.01569683351645155  0.01620357283495864  0.01672749838297020  0.01726311366629196
  0.01782854271171734  0.01840434577198368  0.01899491659780563  0.01959670121648994
  0.02020410145033003  0.02086371193975164  0.02159389354571316  0.02234547161080901
  0.02313867814200241  0.02396272585788876  0.02481526522046804  0.02569263094779802
  0.02659546898127977  0.02752297839295651  0.02848082880933560  0.02947346226484622
  0.03050328959670624  0.03156929087330507  0.03266795634508812  0.03380528253619875
  0.03499194528315300  0.03622307027982528  0.03750735682341105  0.03884996115421008
  0.04022874067279048  0.04172831862330689  0.04365925708448524  0.04573917890465302
  0.04792535861074922  0.05022041448854309  0.05262374201732462  0.05509698295023321
  0.05768105884536723  0.06038566354216247  0.06355178363212388  0.06744709526302574
  0.07158463511423849  0.07595701380708163  0.08062997257741200  0.08606908026930954
  0.09239579485462686  0.09913719678191329  0.10684558301275496  0.11587979360384811
  0.12605069709146272  0.13835633615324269  0.15266287474329918  0.16984910763561473
  0.19017299157788753  0.21452302120742939  0.24644817586288120  0.28871188525972280
  0.34694214875923046  0.43688228481698860  0.59943906373153288  1.00000000000000000
 -0.00220438185147262  0.00857956556781956  0.01787401933909333  0.02706580384632084
  0.03612968169523701  0.04522782165322796  0.05447477345369835  0.06336505824355311
  0.07146932479672061  0.08007126034517791  0.08910788872099613  0.09862834547819882
  0.10835953487112414  0.11820954389433584  0.12789184024296202  0.13725979812147693
  0.14625221631030277  0.15530761974699153  0.16437798134870218  0.17363437746720006
  0.18306169959235141  0.19318515524536023  0.20401013437364976  0.21535158445963781
  0.22687790154888682  0.23878703810113944  0.25114406281225921  0.26377446586907755
  0.27686197986276467  0.28977979367489637  0.30126033056631824  0.31226413439938611
  0.32338916744570673  0.33462128302452554  0.34598825177605158  0.35811719780719026
  0.37133152627586691  0.38414913896079783  0.39670262025995340  0.40906754129950307
  0.42151499424104971  0.43417457106397789  0.44666349561720814  0.45932222809610651
  0.47119276476772692  0.48308302931937774  0.49432903435362557  0.50495605404552246
  0.51521214705720764  0.52582509901549412  0.53707376237629678  0.54812541116594105
  0.55890203260732330  0.57050396421156258  0.58192017242507654  0.59305265437243115
  0.60403380809624685  0.61590338842879100  0.62786332789428989  0.63927312439134543
  0.65014339096579843  0.66181274536827273  0.67332694967583862  0.68527793151981764
  0.69716601042564141  0.70903224159555589  0.72075048397865527  0.73271922481328067
  0.74442475124055685  0.75576978668697081  0.76674576197899880  0.77759943998404768
  0.78752311286559018  0.79792614929638217  0.80857475036598714  0.81838405399453185
  0.82785038015001389  0.83714492911993998  0.84617610528750564  0.85552620446643135
  0.86428680572675709  0.87301166053955581  0.88167878227087837  0.89026580216325690
  0.89887324167359961  0.90743218578024032  0.91587102501373086  0.92527818388953587
  0.93505559559870965  0.94473267661208371  0.95440844761210841  0.96350164212982392
  0.97246947212822821  0.98181007427741440  0.99100966758688025  1.00000000000000000
   4.9371667617039301E-012  -1.0000000000000000     
 F F F F F F F F F F F F F F F F F F F F F F F F
  <DiscreteSampler_grid>
  grouped_processes
  1 # 1 for a reference and 2 for a running grid.
  10 # Attribute 'min_bin_probing_points' of the grid.
  1 # Attribute 'grid_mode' of the grid. 1=='default',2=='initialization'
  0.0000000000000000 # Attribute 'small_contrib_threshold' of the grid.
  0.5000000000000000 # Attribute 'damping_power' of the grid.
 # binID   n_entries weight   weight_sqr   abs_weight
    10   10   7.598845491383334E+000   3.047767862764678E+002   7.598845491383334E+000
  </DiscreteSampler_grid>
