  0.00286017903540889  0.00297771970005186  0.00309680131961166  0.00321822443745706
  0.00334602419809898  0.00347917235812669  0.00361656432602175  0.00375835270063347
  0.00390558435987752  0.00405833414694449  0.00421553969564275  0.00437719168048189
  0.00454509792144232  0.00471940899319505  0.00489975978218288  0.00508749532600730
  0.00528399075235745  0.00548853606876720  0.00570018899335244  0.00592096119847648
  0.00615142267481173  0.00639018820143892  0.00663740604006592  0.00689562765806553
  0.00716643297957250  0.00744876807043340  0.00774078056270150  0.00804613820701204
  0.00836723448897394  0.00869935963906827  0.00904461926122959  0.00940609310578071
  0.00978312158852455  0.01017483952266924  0.01058297396951497  0.01101045371690903
  0.01145724223361968  0.01192156470469108  0.01240725875730976  0.01291977182864542
  0.01345273201368150  0.01400596627739921  0.01459215571958818  0.01520681362828593
  0.01584514937746249  0.01651141220273751  0.01721292577837459  0.01794993523362315
  0.01872046174931846  0.01953028304448232  0.02038774594719635  0.02129199342911016
  0.02223830541455112  0.02323119672197908  0.02427998931859325  0.02538668789981160
  0.02654997336682591  0.02777396893460082  0.02907160542533021  0.03044764152283358
  0.03189641794398251  0.03343004392413809  0.03506970161460333  0.03683261995028948
  0.03869714518441376  0.04068205071250350  0.04279660981626397  0.04508349275109980
  0.04753501572674700  0.05015763403737042  0.05297194571783870  0.05600638015631971
  0.05931977757936577  0.06290875359340757  0.06676770906294778  0.07096070838558499
  0.07555356496345204  0.08062661420120588  0.08614210222109143  0.09235301629805258
  0.09919505083960517  0.10696015071513926  0.11573264238826142  0.12588960806444949
  0.13732926041226431  0.14999412864021150  0.16487672646670457  0.18236579537849468
  0.20221021448285523  0.22581278439561078  0.25526693075367413  0.29230761990261767
  0.33989201751064468  0.40591651599346779  0.54115106415507996  1.00000000000000000
 -0.00247442836988267  0.00949039202913792  0.01969550634152755  0.03031430250412684
  0.04106277227771245  0.05179199651621345  0.06251461722564924  0.07306978648008178
  0.08359725577881627  0.09397730945890123  0.10440501392583840  0.11496808535966900
  0.12559983943313777  0.13626262102282286  0.14691940234230277  0.15757642872913374
  0.16813034961046508  0.17857596430304506  0.18903969454194011  0.19951659484299766
  0.21000458313285233  0.22045837821831912  0.23087920951574076  0.24129622296816489
  0.25171320173029854  0.26223872614293647  0.27275960285668838  0.28341137193625571
  0.29403886706309501  0.30461484385615895  0.31506629798165980  0.32549065879918376
  0.33597404433710898  0.34659227328825809  0.35722511112865823  0.36792453782209361
  0.37850545814938502  0.38904823551437606  0.39953640170799876  0.41005280221219420
  0.42070306251589112  0.43133349365885404  0.44206555132398989  0.45276247301775324
  0.46337505836695303  0.47391539405801147  0.48446631811890695  0.49502218057621838
  0.50550099696092488  0.51590699465294809  0.52634782902888000  0.53680446701696238
  0.54732746314116287  0.55776143623417462  0.56817719357786634  0.57861952424889118
  0.58912843159904649  0.59975622351585300  0.61027647400641916  0.62078916083784619
  0.63124720090907949  0.64174337325849096  0.65238640782512825  0.66299635386968814
  0.67359842668069536  0.68404152020156994  0.69444657387001618  0.70486383624553772
  0.71534647404689966  0.72580695842231657  0.73623537351976409  0.74662136895604292
  0.75701404862399890  0.76746250210332201  0.77793775474882731  0.78848731516951320
  0.79908653212530467  0.80963159106219107  0.82020255741437798  0.83075329656317776
  0.84145183983207006  0.85210611041095707  0.86275010436936317  0.87338575315469102
  0.88397753066703055  0.89457322512062076  0.90505735229931106  0.91564866300702419
  0.92619945282101246  0.93671793141983295  0.94723471304719142  0.95781539678759486
  0.96841768756256252  0.97893808895947954  0.98947748430736560  1.00000000000000000
  0.12192330204550257  0.13210290680490619  0.13987659091291138  0.14777605044571215
  0.15574229081538754  0.16370814596757916  0.17174182301893795  0.17981085813309727
  0.18791468440109271  0.19605207398859104  0.20420619218437663  0.21241046257739749
  0.22065225973550218  0.22892645283836652  0.23722194811200387  0.24553384142929607
  0.25390578358742638  0.26232691645599920  0.27077522552680511  0.27924825237824069
  0.28775533480285770  0.29630869317207098  0.30488622228374102  0.31348132057883960
  0.32209156673537781  0.33072795438725772  0.33939809785101960  0.34809719496052716
  0.35683554079761826  0.36559824013411080  0.37437052324488235  0.38316070534111507
  0.39197684775551739  0.40084047784038784  0.40975050246475730  0.41869054084499718
  0.42762806212473675  0.43654340399115094  0.44548179765969037  0.45445916627831678
  0.46345446378151617  0.47246631439475895  0.48148967229152795  0.49057529170052361
  0.49972394755232785  0.50885687099796240  0.51797524222061131  0.52709620471629703
  0.53623325868487270  0.54537697433313181  0.55450954012894993  0.56365835960153177
  0.57283950290033026  0.58205138842638882  0.59132028176661366  0.60064269392844449
  0.60997339605722345  0.61926766305694259  0.62847929113629564  0.63764323477679186
  0.64683948582609163  0.65612752266968455  0.66547891242557722  0.67480491762868844
  0.68412196012897275  0.69350490540977361  0.70294929798810490  0.71241685711590330
  0.72190052875002053  0.73148288197785261  0.74118728717128346  0.75091428718947428
  0.76056227386127739  0.77015547223221148  0.77979477377774242  0.78954448009015765
  0.79941643329442980  0.80937330120301798  0.81931953411301650  0.82920359948642852
  0.83905231323859442  0.84891856083894179  0.85886976047113661  0.86888221044379232
  0.87901823457961126  0.88939538314529598  0.90014008906254916  0.91132042094128340
  0.92257578515242256  0.93356031180130750  0.94348445539582515  0.95231103541401119
  0.96106163082488183  0.97063811830476066  0.98305391883777782  1.00000000000000000
   1.7215962509595432E-003  -1.0000000000000000     
 F F F F F F F F F F F F F F F F
  <DiscreteSampler_grid>
  grouped_processes
  1 # 1 for a reference and 2 for a running grid.
  10 # Attribute 'min_bin_probing_points' of the grid.
  1 # Attribute 'grid_mode' of the grid. 1=='default',2=='initialization'
  0.0000000000000000 # Attribute 'small_contrib_threshold' of the grid.
  0.5000000000000000 # Attribute 'damping_power' of the grid.
 # binID   n_entries weight   weight_sqr   abs_weight
    10   10   1.323843069580716E+011   3.799876965551664E+022   1.323843069580716E+011
  </DiscreteSampler_grid>
