  0.00000860307542361  0.00000994039144709  0.00001082346356743  0.00001168448134072
  0.00001262960868342  0.00001365063988967  0.00001475004567960  0.00001588634362777
  0.00001705055730969  0.00001830317223625  0.00001962530304212  0.00002101346324090
  0.00002249748837771  0.00002406111902162  0.00002565290556979  0.00002728517038586
  0.00002898005891972  0.00003075193955632  0.00003269535594667  0.00003499683074364
  0.00003739523286102  0.00003984628968584  0.00004237570513633  0.00004493474034791
  0.00004784244071598  0.00005094853685137  0.00005411168802007  0.00005735007988198
  0.00006064696334756  0.00006419136794927  0.00006844465101703  0.00007323429338176
  0.00007834554029382  0.00008349342761789  0.00008863973171848  0.00009447893203949
  0.00010123923026790  0.00010878385494362  0.00011704297238023  0.00012627384389513
  0.00013665048398589  0.00014733552104922  0.00015825904341011  0.00016868773210443
  0.00017855167377890  0.00018867376919798  0.00019967045951962  0.00021166732297320
  0.00022458490627998  0.00023849789024680  0.00025329776714595  0.00026929492541438
  0.00028708046491303  0.00030465575906589  0.00032245182650829  0.00034138758990817
  0.00036202275877815  0.00038399804104514  0.00040914590129502  0.00043657936234372
  0.00046417526320129  0.00049251859913586  0.00052274957918060  0.00055664797001157
  0.00059417879887734  0.00063467707397471  0.00068483954481211  0.00073715067498195
  0.00079866711867712  0.00086781012289748  0.00094672089209612  0.00103689693170181
  0.00113692582420879  0.00125087303897076  0.00138474264942554  0.00154284715839520
  0.00172454906902304  0.00193387287285567  0.00217829109980246  0.00245901530964445
  0.00278229425259414  0.00317499887979724  0.00365377711308584  0.00424464154314029
  0.00499041551176342  0.00593931932196041  0.00717303397543884  0.00877378160726481
  0.01092728670067632  0.01404154898508655  0.01878316164113423  0.02604353306510073
  0.03827956722983284  0.06309399837059504  0.14359821256456068  1.00000000000000000
  0.00000122267440549  0.00000319334698243  0.00000505878609833  0.00000695813548855
  0.00000894316957140  0.00001104918127993  0.00001330094189792  0.00001569892009744
  0.00001817569211343  0.00002083473013705  0.00002376170074576  0.00002687691462120
  0.00003015286193534  0.00003365215422095  0.00003739252177740  0.00004124152434237
  0.00004554074201077  0.00004996386504943  0.00005466742397990  0.00005989144463770
  0.00006564126851543  0.00007180596256376  0.00007833381254516  0.00008528318381425
  0.00009234892732686  0.00009973911031130  0.00010753525123484  0.00011587531684311
  0.00012491971219972  0.00013465572516633  0.00014528400646633  0.00015628120950440
  0.00016636378682204  0.00017514067981664  0.00018378221530697  0.00019294612100028
  0.00020206516199598  0.00021180064632553  0.00022197599196318  0.00023449160302591
  0.00024977010578083  0.00026702378115606  0.00028620369775438  0.00030606358638842
  0.00032712484898388  0.00035001525617659  0.00037219370129078  0.00038921325100676
  0.00040741506370255  0.00042709150570481  0.00044734037739898  0.00046976667719634
  0.00049410190581685  0.00052556013389390  0.00056366010527608  0.00060090113149582
  0.00063928028813268  0.00068183261770504  0.00072686323276273  0.00077999363321971
  0.00084134955338992  0.00091038252577681  0.00098625116544500  0.00107137593319971
  0.00116700571136642  0.00127111840816824  0.00138439532891236  0.00150414034285095
  0.00163561502637716  0.00178997241618788  0.00197423228213853  0.00218725991867218
  0.00242480692809490  0.00268297769787010  0.00297482240043063  0.00330942312500473
  0.00369645341507638  0.00413808692702417  0.00464287038942392  0.00522015238121399
  0.00587996758357968  0.00665961087604788  0.00762857843427816  0.00884934376283884
  0.01035452125775834  0.01216549485614289  0.01436314922084752  0.01728103651547852
  0.02149500175822771  0.02744355545220439  0.03646852284935961  0.05175186746840529
  0.08354263241241926  0.17873055051881687  0.81743879349251769  1.00000000000000000
 -0.00270293956904574  0.00983957356482077  0.02121353748845208  0.03264599172602903
  0.04373482496962756  0.05469249593318184  0.06566035783552769  0.07685791320772392
  0.08838477298140898  0.10002799693825883  0.11181345689172476  0.12372160989766526
  0.13548288821887655  0.14670426840878012  0.15747120178807478  0.16809223083593045
  0.17852538946256111  0.18892026548853025  0.19942157006616462  0.21027176171637499
  0.22204215303144892  0.23431378978804854  0.24584083893317862  0.25737478308860495
  0.26867928913068490  0.27964352032347173  0.29050109227118415  0.30131127624273035
  0.31212398611893127  0.32302128787210949  0.33392652474815465  0.34466112174805319
  0.35584685884897788  0.36748620676157179  0.37919865773987727  0.39029580719996271
  0.40108037475970842  0.41168604554925003  0.42236845589347483  0.43325034984058547
  0.44413781397341207  0.45474290012399354  0.46495022843924738  0.47516210609650167
  0.48547662789358459  0.49559818865414651  0.50567651422986393  0.51600426693747836
  0.52638256693217678  0.53642766795223806  0.54567526431931768  0.55435912441699242
  0.56344871506390426  0.57280618621445245  0.58168354850354298  0.59044277143138202
  0.59948803631724989  0.61048322791721754  0.62301431420059006  0.63524512053054771
  0.64681989922931216  0.65787622960419789  0.66882941065826418  0.67981037864983018
  0.69111820160371340  0.70290559380758444  0.71467918944183373  0.72573302898292902
  0.73426418968585005  0.74164154445355623  0.74917040637823007  0.75668072765450112
  0.76438432383380239  0.77203698264021436  0.77951863935211285  0.78688629035346858
  0.79466940731873104  0.80542433493604715  0.81626089439487237  0.82734447778956188
  0.83900648484795159  0.85022639979626080  0.86108339148184254  0.87193445073406406
  0.88332970549848588  0.89555407966350631  0.90787624047137727  0.92039324258645416
  0.93308517273849623  0.94592110460663170  0.95760555054249130  0.96677506573597993
  0.97528847236398286  0.98401561342704580  0.99220455441238664  1.00000000000000000
 -0.00070798151972123  0.00419756811574106  0.00470392711736639  0.00493710443624067
  0.00512680142820162  0.00529214084697794  0.00545418362016264  0.00561436645073063
  0.00577220354736272  0.00593405387010642  0.00608978016700871  0.00623694320636906
  0.00638494705513596  0.00654040691641513  0.00669989948202166  0.00686028948440056
  0.00702039216097437  0.00718283514887805  0.00735072774260520  0.00752341762984525
  0.00769669548975065  0.00787445126809547  0.00805547211925822  0.00824237401318004
  0.00843510444358270  0.00863091392469641  0.00883514389455657  0.00904197316682730
  0.00925494518662068  0.00947285422989332  0.00969707737331801  0.00992734894262281
  0.01015992814282549  0.01039965451963008  0.01064968887502835  0.01090274024544294
  0.01116983843186883  0.01145113377641550  0.01174537372209843  0.01205327989960599
  0.01237689575710130  0.01271598531849978  0.01306701851030970  0.01342817540415814
  0.01380363942776317  0.01419436068112131  0.01458949803591313  0.01500667114997840
  0.01543516594520023  0.01587969458114533  0.01633628283449063  0.01679880886573698
  0.01727959748171844  0.01779463558059744  0.01833905690050678  0.01889417444044547
  0.01949159921569427  0.02009375140740634  0.02073917678333144  0.02145660313135187
  0.02221187037512299  0.02300303822052902  0.02383948276884915  0.02471627568652605
  0.02563132840272369  0.02657727655201617  0.02755742218019153  0.02859585541936953
  0.02969479691101437  0.03085844578753461  0.03206521602558188  0.03331884510386931
  0.03463758215877602  0.03602101239128095  0.03746992014245853  0.03901216681117387
  0.04058176057953687  0.04269601693138354  0.04569431061971471  0.04893402158883362
  0.05243551010760165  0.05630133835362306  0.06056164217479486  0.06575622453137632
  0.07222049411456512  0.07950604373057979  0.08831595720967426  0.09908958451782954
  0.11262266294005691  0.13005486426714566  0.15272239054648942  0.18664469563877589
  0.23750003976517364  0.33119020532821469  0.62384288466492688  1.00000000000000000
 -0.00274734047856725  0.00932525374716090  0.01991890771147159  0.03162884944100448
  0.04096919045209638  0.04795268976081439  0.05484525286081497  0.06209269652814797
  0.06897825110971254  0.07570498856610776  0.08261567370531879  0.08950014447526271
  0.09626624769862799  0.10364121845726172  0.11298983069596646  0.12369556537484208
  0.13432996894237295  0.14473790550323598  0.15536472372766541  0.16624593367559756
  0.17731446890163105  0.18870365469291905  0.20054208989279781  0.21217525389843947
  0.22314481728613600  0.23422346415068490  0.24616312434691137  0.25757905701176448
  0.26858752720511231  0.27966236385667170  0.29077570525256746  0.30187133103586739
  0.31345672355480919  0.32553423924543262  0.33778120867834399  0.34988872583720315
  0.36188165998761823  0.37392286780782508  0.38583511274073318  0.39770384193562375
  0.40951539805338050  0.42160867493084164  0.43409904925950665  0.44683505276271346
  0.45946784613501418  0.47227385435481795  0.48497652826762733  0.49792828716092213
  0.51124244655951701  0.52437747381319266  0.53658292375165884  0.54975274574843114
  0.56345204409870697  0.57689276735816941  0.59022602877975472  0.60277612047444862
  0.61455511901618665  0.62582731665277391  0.63620866824345179  0.64602083230140173
  0.65551173093511805  0.66553547782717504  0.67566846871108355  0.68558260804149251
  0.69614767396916699  0.70793785293796585  0.71637780480626567  0.72519610801537304
  0.73404003161763853  0.74259194371589543  0.75119237675050488  0.75993961143691291
  0.76855122818324861  0.78052668135464942  0.79156702119190447  0.80078796945727615
  0.80959455706246219  0.81873066615172407  0.82780632318543612  0.83665767263013280
  0.84545779566193346  0.85412094632333413  0.86495905311912269  0.87571298503215045
  0.88663895975027118  0.89716666688814273  0.90706044911167083  0.91697674010432018
  0.92690935856190881  0.93690711289371220  0.94699732310922324  0.95722573330606031
  0.96775116361734603  0.97853742178993408  0.98926805073313073  1.00000000000000000
   2.6976617623147893E-012  -1.0000000000000000     
 F F F F F F F F F F F F F F F F F F F F F F F F
  <DiscreteSampler_grid>
  grouped_processes
  1 # 1 for a reference and 2 for a running grid.
  10 # Attribute 'min_bin_probing_points' of the grid.
  1 # Attribute 'grid_mode' of the grid. 1=='default',2=='initialization'
  0.0000000000000000 # Attribute 'small_contrib_threshold' of the grid.
  0.5000000000000000 # Attribute 'damping_power' of the grid.
 # binID   n_entries weight   weight_sqr   abs_weight
    10   10   5.149537164256122E-001   1.072257600174146E+000   5.149537164256122E-001
  </DiscreteSampler_grid>
