  0.00008353202545248  0.00009237751756099  0.00009862571963019  0.00010400439680090
  0.00010814073030952  0.00011275130709457  0.00011767298290115  0.00012262797360807
  0.00012756477401791  0.00013292924993159  0.00013824391788900  0.00014386894036545
  0.00014970246434728  0.00015577400824460  0.00016186684165708  0.00016770453746813
  0.00017341704490583  0.00017945561712377  0.00018629985179345  0.00019425943766556
  0.00020273656631932  0.00020968793843706  0.00021635064269875  0.00022314268653917
  0.00023055269675748  0.00023888758150462  0.00024684011353659  0.00025495732476949
  0.00026355242150409  0.00027299062100858  0.00028155152965844  0.00029021674915247
  0.00029922051205161  0.00030892447828601  0.00031890035465729  0.00032832992144654
  0.00033778890850805  0.00034716928737685  0.00035684149543290  0.00036700720681213
  0.00037983131687622  0.00039444244704761  0.00040970559446182  0.00042531623874029
  0.00044128017810804  0.00045941890100447  0.00047932665149229  0.00049955205541361
  0.00052161377787885  0.00054448338158410  0.00056911065750521  0.00059618354468349
  0.00062611914765163  0.00065833884637142  0.00069059293525845  0.00072277300624026
  0.00075975384980799  0.00080163513721082  0.00084841079064700  0.00089948993956004
  0.00095409419195492  0.00101319661732837  0.00107732374904725  0.00114486545884296
  0.00121709649584247  0.00130083497032367  0.00139752137991483  0.00150937589016826
  0.00163645370072629  0.00177337933366778  0.00191904202458804  0.00207996979649998
  0.00226336974742710  0.00247135714950116  0.00269807731414627  0.00294993866299575
  0.00324056208029403  0.00358453390210070  0.00399804071318830  0.00447859105866359
  0.00503192911615552  0.00568165882128733  0.00649849114955658  0.00758628869567693
  0.00892514367191274  0.01058420699480376  0.01271969906807589  0.01546233691694934
  0.01911937112379931  0.02416895936317328  0.03217698237277584  0.04486387611576582
  0.06596436710720334  0.10591000728733685  0.21220794646878127  1.00000000000000000
  0.00000151687892196  0.00000239016805599  0.00000384394486071  0.00000606216625801
  0.00000837035772521  0.00001065895058883  0.00001292210624320  0.00001517415905102
  0.00001751623447885  0.00002000590379539  0.00002265269237365  0.00002546839536888
  0.00002848146713413  0.00003187371929241  0.00003547939574383  0.00003926528458017
  0.00004320032439540  0.00004723682146435  0.00005131952599288  0.00005571848159137
  0.00006056639676115  0.00006607702446398  0.00007264884992935  0.00007987232012646
  0.00008729707907139  0.00009518517229387  0.00010354744474347  0.00011244544398827
  0.00012123674494913  0.00013030144703693  0.00014044451368237  0.00015200383382301
  0.00016471916525160  0.00017768179645669  0.00019100268725250  0.00020498017880053
  0.00021911114006439  0.00023389944971178  0.00024961568166097  0.00026654791549058
  0.00028486353651771  0.00030523624647617  0.00032827194935243  0.00035270973230781
  0.00037735648687315  0.00040283008130471  0.00042908241608019  0.00045686252477223
  0.00048757738228500  0.00052312137708768  0.00056471019896350  0.00060921443879450
  0.00065737387256302  0.00070787116864842  0.00076084961914253  0.00082103711688460
  0.00088267499434786  0.00095273722576821  0.00102797285048978  0.00110313086627732
  0.00119126496786137  0.00128531986364403  0.00139356981824299  0.00152471876342843
  0.00165948615782604  0.00180066684071036  0.00195316270049518  0.00212934608030313
  0.00232691962093926  0.00254342218291749  0.00279044686775408  0.00307443483895620
  0.00340903819240335  0.00377850069844799  0.00418935924409200  0.00465336201540498
  0.00519204037005799  0.00582500902362503  0.00651398696245284  0.00729614833666226
  0.00820555614422017  0.00936400924040418  0.01081413055310304  0.01259153504623563
  0.01475796719638097  0.01744659862215447  0.02097149092619052  0.02543969119745071
  0.03157462178105050  0.04031511342609814  0.05284286868198708  0.07478167760128898
  0.11451776969404695  0.21219092336205669  0.82666943976530960  1.00000000000000000
 -0.00242341743926506  0.00949625211014032  0.01932236224721062  0.02875168576020984
  0.03806217568196948  0.04841167071755233  0.05952288011432284  0.07058229414219860
  0.08125665206678602  0.09235331963313813  0.10287070766359722  0.11356538297090969
  0.12429837263727510  0.13443834967202828  0.14414346322958285  0.15406801217899446
  0.16450795105019453  0.17357111536920494  0.18246740375775533  0.19161678263289089
  0.20091222986367543  0.21016736802612729  0.21961677449367609  0.22926139315517152
  0.23827740626377256  0.24699834732918868  0.25561418451630513  0.26419442245056951
  0.27302924244733273  0.28212401194076592  0.29133664252068237  0.30201797457480861
  0.31311612922182175  0.32376365613031066  0.33407375548523927  0.34393189806889618
  0.35357369419516832  0.36355355655806021  0.37398458661711192  0.38509083525858639
  0.39602356849934200  0.40664737718673094  0.41757924730521917  0.42890388460380141
  0.44073625576282871  0.45185150299363236  0.46270079288727223  0.47349285337708502
  0.48418283938667278  0.49498866339451275  0.50596768830460148  0.51689345654375940
  0.52737981056427641  0.53745907967728079  0.54735225028951495  0.55721490914750305
  0.56699649568587551  0.57653692184803684  0.58609907074752687  0.59574447969709554
  0.60539816918363543  0.61506618282194869  0.62574355319462605  0.63829783640622773
  0.65228285978441025  0.66575260929545277  0.67719238314716979  0.68745351355671169
  0.69734199699897659  0.70704487316729159  0.71677109927071003  0.72667636123278012
  0.73768907215417467  0.74924573405965589  0.76025588113237186  0.77153965756244880
  0.78320300470151105  0.79453804987379073  0.80480186299265011  0.81506386567628208
  0.82589216191173331  0.83693272236630634  0.84786888249845327  0.85883366153897833
  0.86994290369055893  0.88124417089396379  0.89262603079120983  0.90399633949511671
  0.91555116424544591  0.92749096711681300  0.93957687744805085  0.95144742629780110
  0.96324447566767624  0.97523941439781214  0.98756998302926768  1.00000000000000000
 -0.00066382053708153  0.00338470984641070  0.00438229782289415  0.00486367875864450
  0.00516430611552925  0.00543430948184093  0.00569785545431382  0.00592875924634631
  0.00616159865309381  0.00641127683452273  0.00665139418563150  0.00687336770162545
  0.00710972693812384  0.00735492665004043  0.00760427396713247  0.00786650465193575
  0.00814086443437962  0.00841865921528409  0.00870178545973860  0.00899260612637292
  0.00929457214247732  0.00960036838377779  0.00990999834773831  0.01024212811241864
  0.01057775192083555  0.01092104318502104  0.01127983772299189  0.01165186387008835
  0.01203514565058374  0.01243106670492610  0.01284149021194272  0.01326696338028083
  0.01370776470742953  0.01415972787446091  0.01462109452191536  0.01509359816838086
  0.01558649873091200  0.01609527047875075  0.01661832707617506  0.01715122496614818
  0.01769776515280237  0.01826427419968867  0.01884077560469076  0.01944520531181364
  0.02006204091363255  0.02067770051259724  0.02141381749944249  0.02218272504861502
  0.02295912777915799  0.02376139342793248  0.02459381014068875  0.02544634189881461
  0.02632092675508851  0.02722134300350594  0.02814815830108113  0.02911665531514347
  0.03011819540643815  0.03115109213970067  0.03221741058864040  0.03333076208860190
  0.03449959176980846  0.03571198894467940  0.03695322941084118  0.03824153065669510
  0.03958983134649721  0.04096572238495817  0.04267100787546828  0.04464470749654654
  0.04667435614202911  0.04878631134815488  0.05100094279424886  0.05333645639673136
  0.05578017046159632  0.05832748111504377  0.06090918449335987  0.06425423643177619
  0.06868813829532314  0.07332876241323703  0.07825002230658114  0.08366651507459603
  0.09026451098582303  0.09747153274655829  0.10551372050754590  0.11488501207909106
  0.12544028244226230  0.13753736878335979  0.15193963953442077  0.16925040123243490
  0.18998695503748200  0.21519103651315713  0.24744042496453092  0.28878865799122866
  0.34593568514918338  0.43683734613058645  0.59919698837997193  1.00000000000000000
 -0.00234125122077595  0.00821449785639520  0.01813519860496330  0.02890039122628109
  0.03953151355988350  0.04975575082067035  0.05973176235480331  0.06947656954761333
  0.07891042954030779  0.08784608232785111  0.09639373400284156  0.10514456953447930
  0.11439333262700470  0.12388457790069901  0.13346326145308779  0.14328884075127321
  0.15369620813011439  0.16428757990473386  0.17429660027829416  0.18411472558174857
  0.19442728008516999  0.20575191310589075  0.21664052193832856  0.22734982314171093
  0.23839210254054988  0.24975079179844195  0.26145528232387960  0.27302352921262107
  0.28458552087890221  0.29506847948546466  0.30494864017310297  0.31506326922370548
  0.32563150405042168  0.33635048504815823  0.34734656432349925  0.35862254649736647
  0.37001748820597558  0.38117498691578716  0.39216926843007643  0.40302321631046273
  0.41395981242325386  0.42422007800697420  0.43530676101362531  0.44728109555961515
  0.45909681720753986  0.46858178967469072  0.47793394979713943  0.48780452227926219
  0.49762615689369355  0.50703407264480682  0.51626757143700086  0.52657931142219727
  0.53793430470502968  0.54961432073469452  0.56219166471874515  0.57443841336920454
  0.58655270395089765  0.59831604581446107  0.60976457807854978  0.62081695378328716
  0.63302712743047029  0.64628819330840170  0.65949659466038801  0.67201847144617788
  0.68335873116644785  0.69517440256064389  0.70663145097993263  0.71707570249337893
  0.72717815984544376  0.73788618786132720  0.74908697404455671  0.75958159356830357
  0.76978750478465363  0.78007803100867368  0.78994595212443031  0.79929862106866900
  0.80868052367615917  0.81889535513862721  0.82985431634442031  0.84103668655166641
  0.85208885822538472  0.86300765067209984  0.87377055201449771  0.88394712652744800
  0.89391213566565930  0.90389381361973375  0.91365933946714650  0.92326566576801994
  0.93275069886998285  0.94228550103092423  0.95196329080929687  0.96160422766439468
  0.97109062119032030  0.98051977539833535  0.99033140950542664  1.00000000000000000
   4.7469211271982555E-012  -1.0000000000000000     
 F F F F F F F F F F F F F F F F F F F F F F F F
  <DiscreteSampler_grid>
  grouped_processes
  1 # 1 for a reference and 2 for a running grid.
  10 # Attribute 'min_bin_probing_points' of the grid.
  1 # Attribute 'grid_mode' of the grid. 1=='default',2=='initialization'
  0.0000000000000000 # Attribute 'small_contrib_threshold' of the grid.
  0.5000000000000000 # Attribute 'damping_power' of the grid.
 # binID   n_entries weight   weight_sqr   abs_weight
    10   10   1.042216905571159E+000   4.387795862692911E+000   1.042216905571159E+000
  </DiscreteSampler_grid>
