  0.00005797724527142  0.00006389678778449  0.00006852926665689  0.00007330921532252
  0.00007795859865404  0.00008253643621542  0.00008704052155272  0.00009194452465013
  0.00009711175564053  0.00010252717037806  0.00010817963547720  0.00011408502981454
  0.00011964671138663  0.00012520855354708  0.00013078930539710  0.00013638531691952
  0.00014220048135604  0.00014800987454283  0.00015332253639145  0.00015887526801578
  0.00016460479065993  0.00017065275039481  0.00017690585072044  0.00018303521284094
  0.00018910020027729  0.00019510421080669  0.00020163688433699  0.00020958645907964
  0.00021867061487488  0.00022814761669638  0.00023807149297348  0.00024872696609615
  0.00026033964882234  0.00027401619875693  0.00028840152443402  0.00030310195473638
  0.00031796308088445  0.00033277114788317  0.00034753044425541  0.00036303784250152
  0.00037717507674064  0.00039048847405966  0.00040352297876829  0.00041689266837266
  0.00043116943319962  0.00044713447520264  0.00046435233440823  0.00048193668468041
  0.00049994471974219  0.00052016935362046  0.00054214718358339  0.00056547528007543
  0.00059026198147143  0.00061890629746492  0.00065167138577398  0.00068715390208324
  0.00072643230946662  0.00077185949127243  0.00082556547432516  0.00088537170059833
  0.00094338562729959  0.00099966385985802  0.00106307094993840  0.00113256634531031
  0.00120719586751611  0.00128215552097691  0.00136010004912387  0.00144369329597702
  0.00153321996992464  0.00162403396240809  0.00174676497857913  0.00189451804334893
  0.00205827594801417  0.00223328054443752  0.00242966241344191  0.00265052918169464
  0.00291350900009889  0.00322932874591409  0.00360892408971528  0.00405191054604889
  0.00454547970103355  0.00511292060158567  0.00580215727943108  0.00673786632746486
  0.00795207621566259  0.00952489081528109  0.01150031477639537  0.01414881555023227
  0.01777317170678983  0.02281535088011000  0.03009701722570654  0.04167061780350623
  0.06019957000672153  0.09764620051660344  0.19488317483517120  1.00000000000000000
  0.00000139550921859  0.00000367322233479  0.00000578101274834  0.00000790554196380
  0.00000988768847599  0.00001190355652702  0.00001396550776454  0.00001609014716247
  0.00001835401802025  0.00002096641470744  0.00002357352340049  0.00002621392827465
  0.00002897964329981  0.00003192638605212  0.00003501053581860  0.00003824040036937
  0.00004202674397438  0.00004584510588114  0.00004983963460579  0.00005390653236629
  0.00005796170518617  0.00006229695541841  0.00006743253187168  0.00007390165355223
  0.00008081882877828  0.00008786780184653  0.00009556101445009  0.00010390587038465
  0.00011262012027195  0.00012157735828470  0.00013089113794286  0.00014087256490799
  0.00015297383646569  0.00016580030664773  0.00017881640646053  0.00019234140724579
  0.00020736251420900  0.00022387628999499  0.00024044905741175  0.00025766202867894
  0.00027629838645242  0.00029587898811648  0.00031731127624474  0.00034035772942680
  0.00036460976161763  0.00039001594181053  0.00041795504238149  0.00044829687231957
  0.00048134463400290  0.00051703501084965  0.00055568334260738  0.00059768064312884
  0.00064293757830153  0.00069189467203470  0.00074532496266950  0.00080449828356306
  0.00086966788094695  0.00093988943275601  0.00101689836670873  0.00110162412297326
  0.00119128226038517  0.00128798483368758  0.00138791469775941  0.00149623231298620
  0.00161433397181784  0.00174842207157724  0.00190316851580530  0.00208615911169434
  0.00229553505168912  0.00250889828672314  0.00273774908441793  0.00299886909948614
  0.00331373405649893  0.00366490896325470  0.00402260538667676  0.00441446419097879
  0.00484937318273181  0.00536883776695034  0.00596974563042970  0.00668450354576537
  0.00753002617771604  0.00852931033110092  0.00968678877214435  0.01107868401615598
  0.01284242268690378  0.01517724258355966  0.01797257326188105  0.02136112800185603
  0.02606279877535785  0.03237655118191125  0.04085429477292575  0.05274344561109275
  0.07291605228363071  0.11145101269870074  0.21143130339602423  1.00000000000000000
 -0.00259572265870963  0.00931127720828846  0.01903867765836691  0.02941260690695253
  0.04026099008423858  0.05259260696292269  0.06487788477478591  0.07653608356158115
  0.08717272177846262  0.09730674801703974  0.10776272793501415  0.11872889363507243
  0.12944475972709116  0.13981402506563489  0.15091614345537141  0.16212447137304123
  0.17237898212216812  0.18206855644118913  0.19223492026555145  0.20271938763298469
  0.21305626960975679  0.22345637377490649  0.23433782851714913  0.24514359720037793
  0.25590490703242230  0.26684872085483219  0.27780026323313523  0.28812516157940132
  0.29784011078521760  0.30726387122220294  0.31699026510208805  0.32744154529493752
  0.33876105706702431  0.35080448717227097  0.36307359458232269  0.37522462142727148
  0.38714829245316185  0.39799503199360436  0.40739674080085725  0.41678002307992268
  0.42608791996695183  0.43559256892945686  0.44513601417466608  0.45421417471789172
  0.46368078841855775  0.47386461380720013  0.48425817166727131  0.49502126895466558
  0.50580754294429076  0.51658037733064721  0.52820753089005357  0.53913159365171426
  0.54969556560639066  0.56035668723599463  0.57097492793335525  0.58219752863372776
  0.59217982925261803  0.60193615040750437  0.61221942031582266  0.62288775967991716
  0.63283553406339632  0.64291259719360971  0.65160074432812043  0.66023006367444581
  0.66918109815525106  0.67796946132471581  0.68636048964609464  0.69464202723174573
  0.70327875977272158  0.71296117519280466  0.72368439859471279  0.73445247603017960
  0.74515380729864178  0.75648907411520117  0.76884319216336150  0.78122466203132113
  0.79359198923790408  0.80542798081719347  0.81740398415632065  0.82968232713268586
  0.84034761438121053  0.85019114538342777  0.85993222911099287  0.86920269743781731
  0.87851906570702354  0.88790928738661068  0.89755982573729753  0.90813589050534071
  0.91898911882610901  0.93000412619651107  0.94130151434479503  0.95247762365947553
  0.96358222217639034  0.97489862683593009  0.98687135246450686  1.00000000000000000
 -0.00061519361228207  0.00401904796255586  0.00447917378148783  0.00480762541803580
  0.00508507808247277  0.00533770842851308  0.00557827885300880  0.00581195777739071
  0.00602359058192755  0.00623414892323662  0.00644352213100264  0.00665712173765500
  0.00687466841658702  0.00709785122358240  0.00732429508150264  0.00755951586477507
  0.00780461405319201  0.00805756152808977  0.00833539109578422  0.00861668295827748
  0.00890114328983442  0.00919194669104654  0.00948992333128650  0.00979412273432377
  0.01009858860408143  0.01043048231045631  0.01077640172099068  0.01112320084832361
  0.01148443637702269  0.01185193187324131  0.01222651947635186  0.01263532622212763
  0.01306441372668733  0.01350938984422445  0.01396841967447058  0.01444167468535321
  0.01492480706385352  0.01541483737563685  0.01592246263631476  0.01645752921179558
  0.01700507736698003  0.01757822854296848  0.01816953708344823  0.01877647551865065
  0.01939901631833402  0.02004272291165363  0.02071800194318753  0.02142499982923384
  0.02220448800811248  0.02300593966474775  0.02383146966818024  0.02469317692589329
  0.02558441119966558  0.02650752909570134  0.02746877633472172  0.02846689853880516
  0.02950148714932367  0.03057325772112001  0.03168461363745983  0.03282970851300348
  0.03401129742528668  0.03523736090929548  0.03651587712706804  0.03783160031959824
  0.03918079529038676  0.04056620697778590  0.04207504011189250  0.04394978421905777
  0.04591438580220869  0.04799051988147642  0.05014633792114441  0.05239101488129353
  0.05476297687686477  0.05726928941207714  0.05990424629878040  0.06271051546837621
  0.06683473610639219  0.07126265151192693  0.07596068877700271  0.08087448105767914
  0.08692632602795591  0.09419541253631931  0.10206705553756727  0.11124282767859275
  0.12173541102708756  0.13396001418728370  0.14836140113575444  0.16556005467881937
  0.18627784629131175  0.21144267783655196  0.24390937211116204  0.28613782004825172
  0.34428642124342235  0.43582558632603585  0.59902498165699947  1.00000000000000000
 -0.00265523561594089  0.00944291126805216  0.01984291139243763  0.02986665989868384
  0.03980409697207418  0.04934736971180768  0.05898639106902739  0.06873480985890001
  0.07853924779130411  0.08883444418470136  0.09946038001885774  0.10926324286094083
  0.11847295309021635  0.12782973178092349  0.13712225136709358  0.14602887620593158
  0.15446907360755677  0.16250447469249030  0.17130889193280291  0.18078066797842765
  0.19092384048704192  0.20118593276086530  0.21220483736849377  0.22389848479389116
  0.23554185266326078  0.24663553285130765  0.25680043185020235  0.26614598551053353
  0.27495925609938637  0.28375666793155213  0.29272000440403723  0.30189790718361426
  0.31109322282209301  0.32110112157889648  0.33106488224255021  0.34149845695415243
  0.35255939093603239  0.36444006802445672  0.37755771576364577  0.39144536400229213
  0.40579670106404986  0.41904118426992426  0.43294822563575536  0.44421784951058096
  0.45597477330915770  0.46821065959398417  0.48085118968483004  0.49391160633726328
  0.50775245339981734  0.52268546773826008  0.53728689180268840  0.55079513757014498
  0.56360321309159778  0.57575341791150569  0.58810652975217004  0.60040229136033241
  0.61282736341639410  0.62513463137489544  0.63749251958239173  0.64846137219476929
  0.65830640422298670  0.66807034410417265  0.67786552097711328  0.68765195222863851
  0.69715285233791191  0.70675178611945388  0.71789955555723173  0.72980004115562758
  0.74135463490692366  0.75197470249528175  0.76328660281510829  0.77406241337536397
  0.78498333327755510  0.79573259990049983  0.80623419734537072  0.81617829629408700
  0.82583878939096522  0.83524646800291635  0.84470398934603175  0.85403538119793598
  0.86279827323053737  0.87176076541892311  0.88037491496575948  0.88904989752619901
  0.89715024853604397  0.90521436625941287  0.91324808834843396  0.92232277111321503
  0.93235250647392232  0.94238950782879949  0.95214958701428187  0.96170224572946861
  0.97122017369294045  0.98036024687223455  0.99030335314168727  1.00000000000000000
   4.9121336381172319E-012  -1.0000000000000000     
 F F F F F F F F F F F F F F F F F F F F F F F F
  <DiscreteSampler_grid>
  grouped_processes
  1 # 1 for a reference and 2 for a running grid.
  10 # Attribute 'min_bin_probing_points' of the grid.
  1 # Attribute 'grid_mode' of the grid. 1=='default',2=='initialization'
  0.0000000000000000 # Attribute 'small_contrib_threshold' of the grid.
  0.5000000000000000 # Attribute 'damping_power' of the grid.
 # binID   n_entries weight   weight_sqr   abs_weight
    10   10   2.575115508720053E-001   5.682592361333211E-001   2.575115508720053E-001
  </DiscreteSampler_grid>
