  0.00004052528243197  0.00004425553647260  0.00004696060417901  0.00004952475394793
  0.00005230020594005  0.00005498222084008  0.00005765723932193  0.00006029277186857
  0.00006318191921985  0.00006631767573239  0.00006968088696759  0.00007380035159951
  0.00007798036268893  0.00008246600312583  0.00008700430115970  0.00009163338276540
  0.00009641867310440  0.00010136707333702  0.00010653323598969  0.00011183885400592
  0.00011772300330996  0.00012413411488129  0.00013223219559413  0.00014062652437821
  0.00014888110860334  0.00015724061739278  0.00016595336902472  0.00017394034092759
  0.00018289006403460  0.00019243415089337  0.00020205558896392  0.00020973806272088
  0.00021623835095553  0.00022291583929402  0.00022983120835464  0.00023711501036892
  0.00024497680177623  0.00025353740363762  0.00026262146711050  0.00027171383019275
  0.00028198359286383  0.00029488052772099  0.00030754347496915  0.00032097674579998
  0.00033534041711866  0.00035071788593870  0.00036745426095760  0.00038507929059166
  0.00040404623217326  0.00042556119309350  0.00044945557035346  0.00047615495493643
  0.00050488571870456  0.00053003175042670  0.00055648005844290  0.00058563478164478
  0.00061790742126884  0.00065219827415663  0.00069215819860649  0.00073607980824335
  0.00078366351553229  0.00083481381004281  0.00088866728712676  0.00094509563489815
  0.00100408944219592  0.00106784211607710  0.00113803097917651  0.00121544263467008
  0.00130447565209486  0.00140404616349304  0.00151289328960735  0.00162716352425754
  0.00175636462515136  0.00189859248096370  0.00206686425495364  0.00229873766057568
  0.00253885990379840  0.00282040118416858  0.00314282076574138  0.00353594463226061
  0.00401104813703913  0.00458701788899364  0.00529587093384057  0.00615707527525996
  0.00723779859476671  0.00862213407827800  0.01038630746777981  0.01283392673552835
  0.01627638065361824  0.02080103210282606  0.02765853112934555  0.03854927191503429
  0.05720729024851588  0.09432439285339816  0.18868121806950011  1.00000000000000000
  0.00000192327284586  0.00000452021598938  0.00000659423657988  0.00000881286516887
  0.00001124629234648  0.00001378228309968  0.00001645031053723  0.00001925494208009
  0.00002226224546210  0.00002555385838889  0.00002901553199563  0.00003275224834027
  0.00003687413776715  0.00004124294404959  0.00004583820232005  0.00005063666134383
  0.00005554300254147  0.00006053059681918  0.00006577704206510  0.00007179188080132
  0.00007823560289979  0.00008477760931148  0.00009139060253388  0.00009880041827312
  0.00010689585793523  0.00011525611431274  0.00012419760427955  0.00013487023718812
  0.00014563223892085  0.00015658965426282  0.00016758605838552  0.00017864743078578
  0.00019081438404296  0.00020415956298097  0.00021775450600752  0.00023203382972306
  0.00024677615065784  0.00026236868664930  0.00027969386773874  0.00029951496358032
  0.00032115234770461  0.00034521418347223  0.00036987377079096  0.00039488128395838
  0.00042162136675063  0.00044992467517585  0.00047903805407334  0.00051161598951017
  0.00054663710244812  0.00058300954484195  0.00062108468701265  0.00066491972994268
  0.00070933124795092  0.00075528289515842  0.00080423162510547  0.00085411165323893
  0.00090694257061042  0.00096643411669177  0.00103551086958587  0.00111230007197172
  0.00121269777001592  0.00131526348674435  0.00142681960405865  0.00154390395280471
  0.00167086684537062  0.00181409994835424  0.00197025302481490  0.00214598363011445
  0.00234699075840427  0.00257953080142099  0.00285420001951255  0.00315549140421052
  0.00347295315487262  0.00382997984754831  0.00423085958037505  0.00468363337953569
  0.00519134215273553  0.00578508822641115  0.00650021095533899  0.00735711407975367
  0.00836583999471773  0.00958129267567605  0.01093633957986672  0.01253145194306848
  0.01458746144888707  0.01722389334136140  0.02039205951890596  0.02466257820183625
  0.03089737024550733  0.03954839959723996  0.05222568807435349  0.07343727739402696
  0.11206454676778377  0.20834137125194874  0.85614534625478533  1.00000000000000000
 -0.00214569457702812  0.00847818399603130  0.01734582402692048  0.02717864011624548
  0.03719782283945639  0.04659678495414500  0.05556282004362893  0.06473354100521643
  0.07480059406619825  0.08463160469218534  0.09491313149006905  0.10550152120699435
  0.11715243194556604  0.12842430597829216  0.13936160620733695  0.15006696113714238
  0.16058155365399487  0.17143884568474066  0.18282271039393677  0.19294566234328636
  0.20243527221987159  0.21199227641245733  0.22175814632817278  0.23102917170238868
  0.23979637815318805  0.24945507361925315  0.26096350890097852  0.27283402238945587
  0.28378556626094847  0.29484781493722356  0.30662099872189641  0.31779775696039847
  0.32747354262403539  0.33717511560895425  0.34694447874516926  0.35743322673409067
  0.36749862459666782  0.37752340812277579  0.38824584529256612  0.39918347133713555
  0.41002152854542917  0.42069740854679916  0.43122361974162288  0.44129919062097511
  0.45119135086653878  0.46145850714352715  0.47225009090899944  0.48341240974342081
  0.49480146372706235  0.50635201272859087  0.51832478998134324  0.52981524246366296
  0.54126256326258171  0.55304406151575003  0.56526460124095135  0.57628959768891030
  0.58670749317904280  0.59668856760393241  0.60730626492366513  0.61810397324518651
  0.62861252969064618  0.63874650473480565  0.64949733744751903  0.66073881585734817
  0.67177814432233596  0.68242681347585099  0.69324530080621127  0.70473531182258564
  0.71618274806958337  0.72763694772951104  0.73786632848617784  0.74750474289018498
  0.75669566475828343  0.76559560867498000  0.77478875871124264  0.78412806176581817
  0.79366721331296530  0.80334397084364584  0.81295652905176241  0.82257466491167130
  0.83229125728995157  0.84217971331074482  0.85215723892700002  0.86237508070429791
  0.87349823808227167  0.88578316973969207  0.89829698412269199  0.90986217686706305
  0.92076250848514285  0.93182548195805182  0.94321484937607791  0.95490738408436660
  0.96664836807506704  0.97800923172073206  0.98891133790207597  1.00000000000000000
 -0.00046385970067503  0.00399480651770562  0.00447393406094890  0.00482006086157980
  0.00509393174818325  0.00536295625230293  0.00557846943945703  0.00579398262661113
  0.00601592260387212  0.00623839260458926  0.00646925008223901  0.00670173106690108
  0.00694087183123689  0.00718515332751897  0.00743490420878473  0.00768971414412545
  0.00794663211626499  0.00820755572288708  0.00847122853558781  0.00873779202830040
  0.00902683482067447  0.00932323626405189  0.00962733190506478  0.00994778790194309
  0.01027892308487164  0.01061734690934051  0.01095987946301601  0.01132021276464065
  0.01168807690865864  0.01206224893146100  0.01246494922736417  0.01287645238439570
  0.01329903874199393  0.01373367966727028  0.01417480313628077  0.01463531138109166
  0.01510071043664457  0.01557928919299831  0.01607621113201681  0.01658454168457577
  0.01712663347282323  0.01768510261766736  0.01826269389077911  0.01885956513021884
  0.01947292968430273  0.02009720185995941  0.02074966329451448  0.02148150806646043
  0.02225752353139720  0.02304618732094665  0.02386172322344063  0.02469818394531920
  0.02555974416031356  0.02644707090519084  0.02736791556316856  0.02831859584280576
  0.02929998864109891  0.03030955613635178  0.03135740925552558  0.03246047030184383
  0.03361952880030964  0.03482324842193719  0.03607244881495861  0.03738675774392117
  0.03876915924697997  0.04017318898528594  0.04170508565583769  0.04365013676453357
  0.04585462769867694  0.04814519631079806  0.05053750979500045  0.05304459289933579
  0.05568862864317178  0.05851068086452289  0.06144715434123860  0.06507842096576076
  0.06920347927892286  0.07357013806520124  0.07827160258033106  0.08333145786750441
  0.08945360342113777  0.09621495225796084  0.10375614382742854  0.11278822349297025
  0.12313720742459282  0.13558947757702877  0.15009431089279465  0.16737916655991691
  0.18833109301440162  0.21336938015608997  0.24560416407803859  0.28763181464803955
  0.34475868079858846  0.43528561889049455  0.59933710097266768  1.00000000000000000
 -0.00266575185811764  0.00944031122825282  0.02025308363602442  0.03028674537624653
  0.04007605185529198  0.04960530397942736  0.05867052058236658  0.06739430272010599
  0.07566106267900236  0.08387092450411181  0.09214113876086108  0.10081009154904130
  0.10994110262817672  0.11909998017265316  0.12844621661518335  0.13822067091657186
  0.14871746426649274  0.15995465568187056  0.17143876996336410  0.18277674212672898
  0.19336630579915198  0.20334450749853314  0.21350418105599756  0.22363813428569879
  0.23364650727795619  0.24393774470370691  0.25505493939948332  0.26706193048376670
  0.27858836239565776  0.29003840196329495  0.30065608061592369  0.31137473731797621
  0.32222763790295100  0.33352194264217061  0.34519454950961903  0.35751122110090622
  0.37018401558204567  0.38282145978540683  0.39485722331396345  0.40583545070777838
  0.41661893907118669  0.42766773329392416  0.43832903209467972  0.44891797778857534
  0.45969632003551392  0.47375601412274398  0.48743405767201226  0.50110878468028086
  0.51415541618718930  0.52786639164318960  0.54208237623075828  0.55538271399037020
  0.56770208850095116  0.57982893198325802  0.59103393994190567  0.60301535524329486
  0.61443255962432486  0.62615499857942380  0.63734231808635600  0.64853136563403513
  0.65968462804768302  0.66998139378612198  0.67924060490574301  0.68855858173473716
  0.69837843852541492  0.70828847641789683  0.71796980632960727  0.72814870520130870
  0.73946910006849353  0.75097613588812517  0.76161953688674411  0.77212634765746335
  0.78278697628272453  0.79306020382576359  0.80198942693501463  0.81033414560297490
  0.81877724889587267  0.82735887041458422  0.83605287846407250  0.84471872645359869
  0.85351716400222755  0.86254887835689664  0.87180555672093929  0.88100686630461167
  0.89012651435464363  0.89919396211646652  0.90811586630277985  0.91790703370571103
  0.92901341716203212  0.94056029899168458  0.95159391584086062  0.96217472094144929
  0.97231437492878336  0.98192637264837335  0.99104266249995476  1.00000000000000000
   4.9972527908040663E-012  -1.0000000000000000     
 F F F F F F F F F F F F F F F F F F F F F F F F
  <DiscreteSampler_grid>
  grouped_processes
  1 # 1 for a reference and 2 for a running grid.
  10 # Attribute 'min_bin_probing_points' of the grid.
  1 # Attribute 'grid_mode' of the grid. 1=='default',2=='initialization'
  0.0000000000000000 # Attribute 'small_contrib_threshold' of the grid.
  0.5000000000000000 # Attribute 'damping_power' of the grid.
 # binID   n_entries weight   weight_sqr   abs_weight
    10   10   9.186304176773646E-001   3.791675146505551E+000   9.186304176773646E-001
  </DiscreteSampler_grid>
