  0.00000625787084829  0.00000752532424111  0.00000853706227074  0.00000959173324799
  0.00001075260441293  0.00001197784861064  0.00001331047359788  0.00001471302428594
  0.00001620326164798  0.00001793671184678  0.00001983002747051  0.00002188213740849
  0.00002403206931571  0.00002625842693037  0.00002858463779946  0.00003105631191545
  0.00003386325640721  0.00003679009193895  0.00004000024430883  0.00004351450176735
  0.00004708685718083  0.00005057834227155  0.00005421426310689  0.00005801839229139
  0.00006210301117947  0.00006674763213956  0.00007084662977475  0.00007536704409301
  0.00008044661212349  0.00008600953855375  0.00009209433772341  0.00009821140872033
  0.00010412943638722  0.00010990051897270  0.00011575501831687  0.00012197051304698
  0.00012872514389578  0.00013560562379234  0.00014270769368567  0.00015111052427295
  0.00016060588396608  0.00017012371071941  0.00017927921328894  0.00018877343101285
  0.00019851896581619  0.00020882427235641  0.00021978109461462  0.00023176425842631
  0.00024474979856949  0.00025746518781545  0.00027084159771690  0.00028509078078156
  0.00030029455314335  0.00031595518806648  0.00033224494284111  0.00034957576933893
  0.00036832935807587  0.00038885532486171  0.00041117779863181  0.00043550372189134
  0.00046178520311445  0.00049013048423983  0.00052169497438578  0.00055637776998391
  0.00059224814589345  0.00063337461491961  0.00068100740806688  0.00073180287291340
  0.00078836470509005  0.00084957628645241  0.00091745130842692  0.00099485476954737
  0.00108204004349722  0.00118188370959787  0.00129527391094527  0.00142723366356234
  0.00158374807753662  0.00176321867857039  0.00197487495945796  0.00222545105161679
  0.00252505899967611  0.00287194384441049  0.00327892803041830  0.00378540402738895
  0.00445886000746028  0.00531045776393188  0.00635477108393566  0.00780226169742367
  0.00983406421448058  0.01269815829709862  0.01681089861264086  0.02334428175913775
  0.03457730226245145  0.05873872886729781  0.13770136175344336  1.00000000000000000
  0.00000174708106626  0.00000621816176039  0.00000925966053248  0.00001183841498101
  0.00001419994451316  0.00001682284814981  0.00001959321659535  0.00002250691604371
  0.00002557359509172  0.00002869815837536  0.00003230879706408  0.00003633729161221
  0.00004046054848070  0.00004479383757750  0.00004964673078430  0.00005476865099391
  0.00006015948285167  0.00006602356976551  0.00007206172021554  0.00007822927200662
  0.00008463418467773  0.00009129845450608  0.00009814290767914  0.00010515063187312
  0.00011227916907398  0.00012016678456084  0.00012847229824390  0.00013704030527876
  0.00014574210228330  0.00015443491233697  0.00016338456501635  0.00017280489529457
  0.00018224122407398  0.00019193484460167  0.00020213762830015  0.00021293891830860
  0.00022408902382505  0.00023593857364135  0.00024884411010355  0.00026248979095663
  0.00027741792547889  0.00029404935485449  0.00031213814773903  0.00033193072725733
  0.00035291463294734  0.00037511288230796  0.00039773835987036  0.00042031500979561
  0.00044399435255826  0.00046893572420540  0.00049705442663923  0.00052843764250642
  0.00056276693372344  0.00060150191294850  0.00064639048199678  0.00069571544699773
  0.00074507568418633  0.00079639328889795  0.00085071959774784  0.00090880816113034
  0.00098134170357762  0.00106697976187171  0.00115878165186083  0.00125921198318222
  0.00136544313924195  0.00147529079830677  0.00159256526015932  0.00171789498119850
  0.00185676287455003  0.00202161165360588  0.00221344147831330  0.00244611458912053
  0.00269770026742008  0.00298133129578133  0.00329504895505992  0.00366210966152510
  0.00407366221475838  0.00453513670873016  0.00505776781605279  0.00566262995997592
  0.00637285306663135  0.00719509633849052  0.00813853242819848  0.00926781109851408
  0.01064958220629893  0.01242624599825013  0.01467390082384600  0.01740268782690781
  0.02106737269049996  0.02591931030741577  0.03225457762745124  0.04225258842849013
  0.05902802504652263  0.09205834757536914  0.17980448301077898  1.00000000000000000
 -0.00228456745135399  0.00955862947856085  0.01870131242874012  0.02857751896872971
  0.03838599964332243  0.04863176179057088  0.05913534248578063  0.06972484021713166
  0.08047602576333462  0.09098063900082888  0.10148357308958811  0.11180287695459210
  0.12201477905592445  0.13284338513255611  0.14415578225430037  0.15513031513361553
  0.16597114403972990  0.17685899286361512  0.18757467490416244  0.19819477952408240
  0.20905929631437467  0.22048557396043636  0.23195780041793904  0.24297925148480432
  0.25409357062906796  0.26485964048569349  0.27543565356776084  0.28573669873982260
  0.29624154214046972  0.30695257784982505  0.31828138314531651  0.32997217849935501
  0.34148519560190105  0.35304365353287709  0.36454693218501999  0.37633744778883149
  0.38768628623079515  0.39893540341989148  0.41031597452269120  0.42165317247582773
  0.43284254265023020  0.44424236520412730  0.45576717415184642  0.46699356231995942
  0.47802285348390738  0.48891147767869247  0.49956859040822432  0.51019371957509740
  0.52100819564498124  0.53194972363793702  0.54273192207953014  0.55328149671885163
  0.56401721013394013  0.57495852456940677  0.58564359113938846  0.59614129181101105
  0.60632701751759288  0.61624402256861111  0.62636929328680302  0.63684441109015211
  0.64831530843304352  0.65985961102515456  0.67148339177529448  0.68237635802870422
  0.69251841792964541  0.70217563584095988  0.71172946280716221  0.72171710055044325
  0.73168173963195438  0.74189717635209962  0.75199393322624808  0.76191373254147754
  0.77230996082775438  0.78263269395629742  0.79272031510335828  0.80280938202680041
  0.81333810184408095  0.82427028426983717  0.83462828173442571  0.84415404618320045
  0.85362086646903368  0.86348125841249090  0.87360404758104016  0.88376888088039685
  0.89345327189128299  0.90230010387731729  0.91075264587286076  0.91959217632416557
  0.92831162197018868  0.93707688268771028  0.94592646160368121  0.95440774944659834
  0.96403237442500822  0.97558124493163878  0.98728814017720767  1.00000000000000000
 -0.00064288226631763  0.00385678759230966  0.00440580707096841  0.00475150031614627
  0.00501248116821893  0.00521036674881229  0.00538342890697490  0.00554653934100601
  0.00570511460143394  0.00586648425481319  0.00603233677132572  0.00619158318130543
  0.00634726809718688  0.00649814038578680  0.00665482874083338  0.00681566685989701
  0.00698076649450129  0.00715134292167364  0.00732487479379263  0.00749994896998360
  0.00767627003582754  0.00785791891924961  0.00804609480790603  0.00823764720147731
  0.00843160814353703  0.00862864649292476  0.00883662265798789  0.00904787594801067
  0.00926492741124439  0.00948684745730335  0.00971421356845307  0.00995125120769689
  0.01019948813612296  0.01046530052873917  0.01073682532232272  0.01101269549365641
  0.01130111857771534  0.01160471916087437  0.01191643256251701  0.01223965064125944
  0.01257349528075884  0.01293836577683601  0.01331209904765470  0.01369807455226078
  0.01409836924856002  0.01450982332067770  0.01493917749377820  0.01538823794130249
  0.01585665847253865  0.01634997959998443  0.01687083610084842  0.01742188574573535
  0.01800613090277625  0.01861859653853369  0.01925946428743005  0.01992743664836058
  0.02062434640477231  0.02136119480621736  0.02214872122543315  0.02297418235702025
  0.02383931864512533  0.02474835881419082  0.02571040159488197  0.02672559129148032
  0.02778984387608126  0.02890314381504939  0.03007714364787796  0.03132300867292803
  0.03264344085554978  0.03404469906252062  0.03553518699289340  0.03712589776127928
  0.03882451771519406  0.04060602307978637  0.04261510912658788  0.04508767364851283
  0.04769722153956622  0.05049009966650463  0.05346251713290770  0.05668075758437090
  0.06019787370443291  0.06440059422081956  0.06940509279515036  0.07496510336609141
  0.08117425266980087  0.08884247708198588  0.09804626733817873  0.10916600317677892
  0.12307398441445697  0.14083125714429121  0.16492424712722620  0.19815430976575563
  0.24717157683868443  0.33913261231339320  0.62172113706291121  1.00000000000000000
 -0.00223271059735904  0.00807469160785581  0.01745082237637081  0.02715273784284637
  0.03703011637500155  0.04685662036055030  0.05677528393404636  0.06657218756008451
  0.07618524560053208  0.08559277184485048  0.09493512040453371  0.10440742854616571
  0.11417642479112231  0.12421939286768524  0.13433528535159370  0.14427623898455993
  0.15401308665498914  0.16375398975887981  0.17363165285530183  0.18384588708332156
  0.19430060404121413  0.20472419863655097  0.21498738306559328  0.22525018367780547
  0.23581335006512935  0.24671032676784047  0.25790629819125993  0.26907698637484984
  0.28017209548270650  0.29121566489939898  0.30243497366024841  0.31395250544401038
  0.32570851846769250  0.33730474205852273  0.34861625020097642  0.35998342899148744
  0.37177575777111571  0.38388165889448989  0.39588395624757794  0.40760734227330270
  0.41904953486332863  0.43042357260418923  0.44159418701710762  0.45259143190661166
  0.46359962710777325  0.47393071064378406  0.48397767662260160  0.49439215743200610
  0.50575714139622008  0.51768113639546343  0.52943893708576861  0.54153211287485015
  0.55313372821169626  0.56461749638606495  0.57597330924309553  0.58753304122034555
  0.59869276877795852  0.60984827154984333  0.62161806245600060  0.63386965020164565
  0.64635254812215848  0.65832669832543145  0.66932810112352314  0.67932620922210507
  0.68894645384851516  0.69869816819827901  0.70852762110391676  0.71827278971959496
  0.72858350886777767  0.73942646101896070  0.75025232241195250  0.76050786064507725
  0.77100353486374595  0.78152533606477037  0.79200176278088685  0.80198292322954767
  0.81189718927388776  0.82148523276133589  0.83100725462287572  0.84029232247265651
  0.84925318524391780  0.85862509340072912  0.86811607093502152  0.87797605898398889
  0.88747640119270621  0.89730975901908283  0.90726465315344551  0.91765135891477034
  0.92837348492862981  0.93912953285118550  0.94979178681034071  0.96035088530787160
  0.97074099165554117  0.98088347533788300  0.99051490226425853  1.00000000000000000
   2.7464638645588091E-012  -1.0000000000000000     
 F F F F F F F F F F F F F F F F F F F F F F F F
  <DiscreteSampler_grid>
  grouped_processes
  1 # 1 for a reference and 2 for a running grid.
  10 # Attribute 'min_bin_probing_points' of the grid.
  1 # Attribute 'grid_mode' of the grid. 1=='default',2=='initialization'
  0.0000000000000000 # Attribute 'small_contrib_threshold' of the grid.
  0.5000000000000000 # Attribute 'damping_power' of the grid.
 # binID   n_entries weight   weight_sqr   abs_weight
    10   10   7.397533412205659E-001   5.357242279864332E+000   7.397533412205659E-001
  </DiscreteSampler_grid>
