  0.00005239080103137  0.00005517233994278  0.00005730260958827  0.00005946112048904
  0.00006160135481208  0.00006401903451220  0.00006698026983730  0.00007069324971647
  0.00007498539798885  0.00007936986753652  0.00008390080057973  0.00008826525797580
  0.00009258169799716  0.00009697614271358  0.00010147920792847  0.00010603407479938
  0.00011052621793489  0.00011483398894835  0.00012163822561229  0.00012882727352368
  0.00013733660389517  0.00014716315569941  0.00015643528483299  0.00016558652442684
  0.00017297609953370  0.00017934900498147  0.00018618914255876  0.00019308204053449
  0.00019991777725068  0.00020698043555328  0.00021422011990848  0.00022149045797029
  0.00023208898278990  0.00024581039964115  0.00025879441210805  0.00027146397266600
  0.00028360157513099  0.00029607579548360  0.00030807218697609  0.00032006917045462
  0.00033250200236421  0.00034606573882101  0.00036026556487099  0.00037605755556768
  0.00039364145732717  0.00041287987096499  0.00043512345819220  0.00045953466006597
  0.00048275106329138  0.00050621733492249  0.00053006784275167  0.00055489838088406
  0.00058083362520748  0.00060701728846264  0.00063556168430986  0.00066530709473574
  0.00070377575023248  0.00074557903652286  0.00078733122712002  0.00083225662337590
  0.00088036037644457  0.00093265855098272  0.00098996651707047  0.00105239037151836
  0.00112128041964841  0.00119087739121718  0.00126642931340186  0.00134512447152332
  0.00143731621151790  0.00153606071223533  0.00165285801864487  0.00178991480764111
  0.00194576904561394  0.00213084456207304  0.00236010848809757  0.00260833607825690
  0.00286940923426099  0.00315903572561084  0.00350005061843215  0.00394080133826756
  0.00447624247877273  0.00509056162537801  0.00579453519135871  0.00667738655024503
  0.00782604822344614  0.00934850053186979  0.01124944666524054  0.01367472856932563
  0.01709299711166987  0.02188820818406641  0.02914523937204910  0.04049858996175928
  0.05862623154633605  0.09664643799018198  0.19125368585796884  1.00000000000000000
  0.00000301194611099  0.00000684674138865  0.00000940331528232  0.00001155672130150
  0.00001389618826723  0.00001631959831545  0.00001884535916321  0.00002149770141065
  0.00002432922004982  0.00002734974336855  0.00003051253166331  0.00003391835838216
  0.00003766244789968  0.00004160430210477  0.00004564223569999  0.00004971195307742
  0.00005425557715961  0.00005916451879709  0.00006435671410315  0.00006976026625810
  0.00007518223785941  0.00008092077770519  0.00008663819431661  0.00009295008632060
  0.00010010139346102  0.00010790825691815  0.00011575307834964  0.00012525005962098
  0.00013580114897766  0.00014649359893649  0.00015727332038580  0.00016846924920865
  0.00018051481783193  0.00019293854876002  0.00020621486405297  0.00022026127475088
  0.00023451547893426  0.00024985455573852  0.00026758312158036  0.00028756499467794
  0.00030725921075790  0.00032903931804083  0.00035136652123781  0.00037598569439054
  0.00040534458605892  0.00043772440932054  0.00047137308823773  0.00050457230651090
  0.00053710484990521  0.00057242510905731  0.00061160858793876  0.00065478923099126
  0.00070428757898751  0.00076440359197317  0.00082949161621899  0.00089317423145616
  0.00096124405400101  0.00103115169511254  0.00110221261596798  0.00117395927955934
  0.00125126840686353  0.00134065374620009  0.00143769719158012  0.00154874756760022
  0.00167998301984223  0.00183093238037432  0.00199572735526274  0.00217823022465494
  0.00237397166276664  0.00260346690284796  0.00287982354981693  0.00319232580610666
  0.00351290960341142  0.00386753738800511  0.00427219158817258  0.00475120715317391
  0.00529708463239964  0.00591234657986654  0.00662209594185213  0.00745852997860722
  0.00845522167090497  0.00963580270371927  0.01102010665460152  0.01271224024969815
  0.01482427158343694  0.01750358389055728  0.02084879406199825  0.02499775976336943
  0.03052258760220587  0.03919213354821501  0.05204772786143470  0.07182112681512770
  0.11411933240706201  0.21414731190249056  0.86226141141718804  1.00000000000000000
 -0.00271229796247177  0.00994275482902905  0.02055375996060993  0.03200785723010285
  0.04339282173333241  0.05485337433858749  0.06550948063660195  0.07552137778398914
  0.08564778904910275  0.09580625907758462  0.10581607636382109  0.11563439804800463
  0.12569626378317908  0.13739926040149569  0.14933592553885308  0.16127604147169511
  0.17325110612326630  0.18518008430559091  0.19579889469881240  0.20617383860033783
  0.21685598148976762  0.22746375934237870  0.23766797876958648  0.24775786166679697
  0.25858017039798992  0.26971113722043538  0.27969639116691214  0.28938722698630515
  0.29946817418918326  0.31002024353343172  0.32107429203036625  0.33240550647679773
  0.34510259237175700  0.35722579725601789  0.36900634080442635  0.38024613779090038
  0.39147208585171700  0.40202688452063562  0.41186190545912088  0.42179825877920818
  0.43165938689299344  0.44148191665684527  0.45128939106508192  0.46151811498347467
  0.47235738184113241  0.48366440003676892  0.49515508470128694  0.50689587437303196
  0.51862903416575712  0.53002851719673671  0.54105182492462367  0.55156787507767613
  0.56194837327087699  0.57262980084860560  0.58377782839042136  0.59510500634184083
  0.60665148342537722  0.61813716572139943  0.62945774124425480  0.64045186190894987
  0.65113312613171959  0.66155036205144957  0.67113121282273469  0.68034013140556859
  0.68994545577514133  0.69950890883610461  0.70913277512188488  0.71884395806222245
  0.72903614258045291  0.74012196449334633  0.75058176454994774  0.75940030521796298
  0.76783611420240028  0.77670421625916342  0.78566955482673206  0.79388392889208426
  0.80114260103302604  0.80860269191678891  0.81699073497734087  0.82656906968135579
  0.83614249688027809  0.84551956123693628  0.85498853544060360  0.86569846758109781
  0.87648561352619214  0.88671594481566074  0.89676615276522698  0.90724317136178745
  0.91817856125681041  0.92912014934714482  0.94053120606497775  0.95284226189678234
  0.96503777110902456  0.97674557758316960  0.98843848192509576  1.00000000000000000
 -0.00066806601130569  0.00414501803221364  0.00480915918580492  0.00518425514197132
  0.00548973347647204  0.00572424456604073  0.00596915123035687  0.00622623379766974
  0.00645883216558087  0.00667570923172167  0.00691122334499997  0.00715061678139239
  0.00738790277984885  0.00762177881220103  0.00785301211320169  0.00809217185405065
  0.00833855773539124  0.00859539371156051  0.00886722097129029  0.00914026996079358
  0.00941481459956311  0.00970124979479465  0.00999296275024362  0.01028938596822313
  0.01059163904544869  0.01091705502732212  0.01124612150230278  0.01158400135011646
  0.01194686226264616  0.01231794605772501  0.01270449251204181  0.01310450042964606
  0.01351363678148817  0.01394641885291173  0.01438995847016693  0.01484435247830311
  0.01530859486746712  0.01578125039894781  0.01627523305773239  0.01678035358533111
  0.01730582231523712  0.01784696564416065  0.01840160370261410  0.01897294780169172
  0.01956443470529582  0.02017278611547524  0.02080025974194354  0.02149208884984217
  0.02223247245075104  0.02298510345461482  0.02375187471195645  0.02453624811153052
  0.02535545506815599  0.02621489664285147  0.02710273937877829  0.02802980870714114
  0.02899688762583474  0.02998789350538146  0.03101245129347677  0.03208764217849008
  0.03322356348439003  0.03440832708918395  0.03563167220098473  0.03688355930851387
  0.03816806274942317  0.03950273649787811  0.04088026314475560  0.04259170383714732
  0.04482628314615295  0.04707531383749471  0.04940491579188686  0.05187352676638042
  0.05448148225026165  0.05722658454548630  0.06009264482057479  0.06320665196009435
  0.06765655870824848  0.07216102832026744  0.07695407380417696  0.08206793289357502
  0.08832767623563809  0.09542398638022830  0.10318861872152847  0.11233623919503832
  0.12291620617623543  0.13549461459971626  0.15018876956528482  0.16749925261260720
  0.18830301301971322  0.21352909185699592  0.24566693357454999  0.28774478743076987
  0.34534404998600710  0.43638401926926779  0.59914197015663917  1.00000000000000000
 -0.00258343582440227  0.00955623157271820  0.01965104321056112  0.02980825769942903
  0.03978872488462833  0.04892327504975506  0.05768860786381905  0.06634090193004485
  0.07508575866333367  0.08411402810242569  0.09361312870658049  0.10353436614734124
  0.11379761929838041  0.12390287631126759  0.13327573795097764  0.14246108782666994
  0.15144709641995630  0.16018308039140541  0.16892646461006913  0.17760439730071345
  0.18617260162957658  0.19564344704798986  0.20567889398629705  0.21593845815446416
  0.22709368901043583  0.23935306707623424  0.25162501933334519  0.26346441460350256
  0.27512073331435194  0.28685113555129349  0.29850868361905480  0.30978336729515277
  0.32070258908407540  0.33181586777394623  0.34369384314492590  0.35596118542740685
  0.36814766510193841  0.38061395698964262  0.39320078996416913  0.40524523071666291
  0.41717244833054867  0.42877845109964868  0.44137490819446912  0.45428895827050964
  0.46648222959978858  0.47817656531458008  0.49048211523428731  0.50214722877340401
  0.51310493368531451  0.52401810092138101  0.53501633479019628  0.54548837995453436
  0.55532064003767090  0.56609927680777072  0.57888160108090958  0.59069898398654985
  0.60223520171524025  0.61369859168853313  0.62560139276963000  0.63634427757581791
  0.64726265388454296  0.65847860462806262  0.67043556458816378  0.68306782513748787
  0.69542587426754310  0.70799699290627116  0.72008805650505536  0.73233013109332268
  0.74509904301866037  0.75590216697786439  0.76541820728540766  0.77449506207013330
  0.78347417673186159  0.79271822133904901  0.80182012243205225  0.81048842608523974
  0.82109842529220145  0.83182650540741276  0.84221446010798928  0.85229815423357602
  0.86261098996313768  0.87349282845938248  0.88445163744535793  0.89610225132306343
  0.90556307876743847  0.91485115942479200  0.92399965975698528  0.93301138035733500
  0.94133972767402219  0.94890985600745481  0.95682477281479639  0.96531667789460573
  0.97430247062445918  0.98302423399788441  0.99158279733957355  1.00000000000000000
   5.0312680838426871E-012  -1.0000000000000000     
 F F F F F F F F F F F F F F F F F F F F F F F F
  <DiscreteSampler_grid>
  grouped_processes
  1 # 1 for a reference and 2 for a running grid.
  10 # Attribute 'min_bin_probing_points' of the grid.
  1 # Attribute 'grid_mode' of the grid. 1=='default',2=='initialization'
  0.0000000000000000 # Attribute 'small_contrib_threshold' of the grid.
  0.5000000000000000 # Attribute 'damping_power' of the grid.
 # binID   n_entries weight   weight_sqr   abs_weight
    10   10   7.117973085481975E-002   1.673617848285814E-002   7.117973085481975E-002
  </DiscreteSampler_grid>
