  0.00002293228185131  0.00002445199912349  0.00002571900971143  0.00002705904185315
  0.00002847114399425  0.00002990740604079  0.00003146637472801  0.00003343824215982
  0.00003553963963938  0.00003829515049919  0.00004123010597391  0.00004412570259022
  0.00004707406162787  0.00005012621986942  0.00005347449496061  0.00005724683272168
  0.00006138062496859  0.00006613327384939  0.00007166596133644  0.00007841395779100
  0.00008580279518620  0.00009294773971485  0.00009992167629002  0.00010705828948987
  0.00011437916396443  0.00012165103972419  0.00012830328211706  0.00013494923526364
  0.00014185381793408  0.00014850120023577  0.00015551408882900  0.00016308407762232
  0.00017089647461056  0.00017864111262954  0.00018679920569361  0.00019587855785253
  0.00020566641684835  0.00021595533055341  0.00022706673247930  0.00023984933000884
  0.00025306568578603  0.00026629485437957  0.00028043535326481  0.00029551284901272
  0.00031115443328383  0.00032730436536893  0.00034443261807769  0.00036282224234766
  0.00038219614710458  0.00040238308416847  0.00042441541848861  0.00044841146106080
  0.00046980566502735  0.00048986203294228  0.00051232900018608  0.00053620156641022
  0.00056170829158462  0.00058732042101251  0.00061698149911758  0.00066020807034954
  0.00070242702419704  0.00074348651260355  0.00078845811900613  0.00083642244278897
  0.00088588326126994  0.00095724302554906  0.00103068279204516  0.00110207064538299
  0.00118060922598928  0.00126576530613934  0.00135840294758413  0.00147604302957130
  0.00160136496420715  0.00174023961706949  0.00189867071216103  0.00209270525511092
  0.00233196157250227  0.00258892237333261  0.00287493063876816  0.00320891620425883
  0.00366067324856137  0.00421027004464932  0.00483677314037840  0.00559194691581075
  0.00654917843169943  0.00782869369220059  0.00958145968288466  0.01183132588416499
  0.01499915203071868  0.01930695416945906  0.02558742218579118  0.03670124099473002
  0.05489718288615934  0.08980395910973836  0.18597192751763086  1.00000000000000000
  0.00000123251079442  0.00000293182193558  0.00000483031706663  0.00000694380847778
  0.00000919833740650  0.00001148470506025  0.00001397975835908  0.00001654555206161
  0.00001914874049741  0.00002180940848289  0.00002456898206441  0.00002743117886498
  0.00003047758122754  0.00003375736894706  0.00003743963012604  0.00004142587443113
  0.00004558056301794  0.00004996306901926  0.00005460615655511  0.00005904739193008
  0.00006404016111254  0.00006968074582675  0.00007603610642768  0.00008276444681046
  0.00008993032732658  0.00009789761335791  0.00010650324204593  0.00011571024955167
  0.00012548173325762  0.00013570755528797  0.00014635983062298  0.00015745774836066
  0.00016926035665132  0.00018203281868487  0.00019538241560288  0.00020913406212911
  0.00022424394927222  0.00024022683973355  0.00025724178015698  0.00027569045976511
  0.00029526542467172  0.00031729459591396  0.00034071087564779  0.00036539226157833
  0.00039191072998373  0.00042119955906448  0.00045274699585907  0.00048554985848031
  0.00051679806940798  0.00054700038751926  0.00057805926255365  0.00061138595133275
  0.00065131421722508  0.00069521725539300  0.00075119536157228  0.00080197757914066
  0.00085811764009776  0.00091842808363014  0.00098499135749227  0.00106303272213371
  0.00115000365299329  0.00124677107051515  0.00135121895856667  0.00146612351618082
  0.00159775256420098  0.00175195963543632  0.00192447810010686  0.00211174470650163
  0.00231522042513532  0.00253743406143593  0.00277792398309175  0.00303770311286537
  0.00332805371693893  0.00367751555882723  0.00408271557898203  0.00450709715699395
  0.00498285699459499  0.00554778249250280  0.00623562217764091  0.00704775929293865
  0.00795105482237841  0.00895018623356980  0.01014089140761865  0.01178014466384635
  0.01388656523509784  0.01639690587467808  0.01950279626021368  0.02361358318805654
  0.02926449688605125  0.03791179536080473  0.05048286439972834  0.07050451735545704
  0.11076922675441436  0.21150464107586625  0.83868593857386453  1.00000000000000000
 -0.00356323192030830  0.01198348379501392  0.02493696033164160  0.03782481650737061
  0.05042610751404696  0.06330065512796663  0.07651214076255967  0.08950548943291295
  0.10228865574813589  0.11488949930106385  0.12709097719192600  0.13876959832426716
  0.15033093416529536  0.16224394805747119  0.17419487996148120  0.18620769548127894
  0.19857223168678650  0.21091504308332859  0.22306443248162205  0.23522246669656618
  0.24718365851935789  0.25883993277767264  0.26963928590973868  0.27910184232699142
  0.28851213705857248  0.29788935139359246  0.30698057719597632  0.31593724077523250
  0.32467001734582507  0.33316794365133173  0.34217674246121288  0.35118858238184231
  0.36055462499104618  0.36986218990933728  0.37915832141249578  0.38841343285724489
  0.39807048119119598  0.40854779582056139  0.41808950661409933  0.42804413121679125
  0.43858686951220466  0.45013621699880646  0.46146495090540424  0.47231021200112538
  0.48359914650007269  0.49564301940216793  0.50730346257403047  0.51839368690264864
  0.52949262691261134  0.54061275628422789  0.55167147687182927  0.56218159166434811
  0.57067732895916479  0.57834558576052053  0.58637322488080534  0.59506454996509051
  0.60381349279059859  0.61185208710032057  0.61940393497125579  0.62722126954790658
  0.63604031863412003  0.64485987192451433  0.65399361948909496  0.66372070297709351
  0.67421373016819863  0.68498836269497454  0.69528669806629595  0.70546441875588517
  0.71566684805530134  0.72585115782962073  0.73622871424731884  0.74691500700577018
  0.75738428880554598  0.76789375194043996  0.77816044973112819  0.78846968370559056
  0.79869032209953161  0.80909542514905275  0.81864928757889821  0.82780641380121389
  0.83679024554331671  0.84612506364811046  0.85572841755969109  0.86535255258497379
  0.87518623257860073  0.88618425697912251  0.89772511597112536  0.90953235614911987
  0.92156954350898435  0.93327599305059228  0.94414495239051344  0.95488913278135845
  0.96604318073587470  0.97725070417660287  0.98854368478773746  1.00000000000000000
 -0.00003501849081873  0.00391720087232855  0.00450079091022598  0.00490558516238002
  0.00523386225764941  0.00550748566928225  0.00574141297225931  0.00597748718936047
  0.00621470717084786  0.00644586454354408  0.00667533248489654  0.00689575363515482
  0.00711813867733292  0.00734521978024553  0.00757579805508745  0.00780844219833336
  0.00804708473460020  0.00828906912028433  0.00853545173717760  0.00879500682339692
  0.00905940726677166  0.00932910868265218  0.00960302661517622  0.00989519350435103
  0.01021044134446289  0.01052623044946788  0.01085068190483743  0.01118331318776677
  0.01152451691273324  0.01187427901949457  0.01223451845490723  0.01260779177579040
  0.01299711669292173  0.01341037364296496  0.01383899873398594  0.01427650037754264
  0.01473171507093101  0.01520302425714095  0.01568716718120370  0.01618458336530598
  0.01669568902069816  0.01721509731887553  0.01777288738847749  0.01833781201752152
  0.01891971263812917  0.01951717652839752  0.02012646292213333  0.02077486597851352
  0.02150419453088825  0.02226215828182404  0.02305298622735833  0.02388208415838488
  0.02473676217234925  0.02562387519917603  0.02654568827751539  0.02750119521302553
  0.02849181609434241  0.02952545392011883  0.03059504797291010  0.03169460793142667
  0.03284045978632687  0.03403831773850050  0.03529188673944067  0.03659438031771363
  0.03795612178536857  0.03936260750679348  0.04082359768322101  0.04253496469877707
  0.04457472178254408  0.04671588713233389  0.04895277322890340  0.05128146037976492
  0.05369463620637439  0.05623693063916426  0.05895690835206592  0.06186042500818480
  0.06583929214814704  0.07048436422224605  0.07530030277348906  0.08043829971917112
  0.08637662863038680  0.09356686039541984  0.10142412780253292  0.11050755218397725
  0.12100874463704935  0.13331685635197082  0.14778188122370381  0.16510982882945235
  0.18559929881461934  0.21023427910259110  0.24274999851430512  0.28505381769999871
  0.34279333108722582  0.43349484440621006  0.59926947166577438  1.00000000000000000
 -0.00213897636681847  0.00846422452470275  0.01689880631027007  0.02530031237216863
  0.03358405970284799  0.04182252085592261  0.05030600928541479  0.05928115536316653
  0.06878069387139553  0.07856157765080644  0.08832734896786124  0.09811407358511960
  0.10776068405687478  0.11748176980731932  0.12758662030291493  0.13839561464099320
  0.14962976494529620  0.16096297836496662  0.17200659444301433  0.18306420071928076
  0.19400707532817324  0.20547189723307677  0.21671773556753934  0.22759544122208936
  0.23887920277969069  0.25019804123772571  0.26173802639731458  0.27324325140250044
  0.28490950882382560  0.29641481817149212  0.30777015696177007  0.31915548985620218
  0.33070616992369578  0.34229310889755882  0.35397386153383492  0.36581571004050906
  0.37792081138560535  0.39021798891487952  0.40235142244987815  0.41490716399565536
  0.42799825313028622  0.44158893574710029  0.45433864479969688  0.46656618432767105
  0.47807391929058024  0.48960578489283624  0.50076073411948763  0.51143939593882182
  0.52228937734472158  0.53347478372216639  0.54473936017172608  0.55581140293251119
  0.56636566300022362  0.57612481178412023  0.58562761976422273  0.59518614447635221
  0.60500994824445709  0.61515004868269096  0.62552480654017617  0.63770914509736920
  0.64967331127551120  0.65985596281981440  0.66971543858811444  0.67938729318447666
  0.68932365344103208  0.69932999125623962  0.70954131559454203  0.72073181979100553
  0.73273388255073924  0.74480231571814381  0.75644189392634609  0.76764795519022044
  0.77922279675787454  0.79094408413138950  0.80315306178210177  0.81457809777181278
  0.82538314686310210  0.83571664677130464  0.84602545930870721  0.85679223817858641
  0.86798107809937686  0.87794605490271804  0.88598101342904956  0.89370256674122484
  0.90137433714097481  0.90924535974325116  0.91687421321460061  0.92435027221612776
  0.93154173117799832  0.93942848618290620  0.94934534446878305  0.95949287406746542
  0.96942198603658536  0.97916674595431996  0.98938330360997528  1.00000000000000000
   5.1986302161702385E-012  -1.0000000000000000     
 F F F F F F F F F F F F F F F F F F F F F F F F
  <DiscreteSampler_grid>
  grouped_processes
  1 # 1 for a reference and 2 for a running grid.
  10 # Attribute 'min_bin_probing_points' of the grid.
  1 # Attribute 'grid_mode' of the grid. 1=='default',2=='initialization'
  0.0000000000000000 # Attribute 'small_contrib_threshold' of the grid.
  0.5000000000000000 # Attribute 'damping_power' of the grid.
 # binID   n_entries weight   weight_sqr   abs_weight
    10   10   6.173330108615474E+000   2.350342316311094E+002   6.173330108615474E+000
  </DiscreteSampler_grid>
