  0.00002984362316157  0.00003450126491715  0.00003808857076623  0.00004155561098434
  0.00004519533985383  0.00004894717064942  0.00005287235274533  0.00005692684537922
  0.00006119907887374  0.00006606037783743  0.00007075668512298  0.00007560501676308
  0.00008057196392614  0.00008545657147615  0.00009015896683645  0.00009489157805857
  0.00009970107029218  0.00010480127321513  0.00011006803912543  0.00011557138051619
  0.00012124415688198  0.00012692019461449  0.00013253757887808  0.00013855138663705
  0.00014578040465318  0.00015418246100345  0.00016413544243630  0.00017212667992586
  0.00018018175805354  0.00018846964137726  0.00019696231947345  0.00020655674595649
  0.00021678245446141  0.00022680220429367  0.00023721541504898  0.00024830993199979
  0.00026034891234573  0.00027288758577814  0.00028569719199498  0.00029899207261530
  0.00031388557491667  0.00032914219489167  0.00034496826610762  0.00036144533757451
  0.00037850753528343  0.00039629947160876  0.00041582594556137  0.00043766401221133
  0.00045971910297930  0.00048108875743284  0.00050119285079446  0.00051870946300797
  0.00053683780597630  0.00055648175534989  0.00057712883019486  0.00059905113437332
  0.00062241030994510  0.00064666090714920  0.00067241019356447  0.00070418771707460
  0.00074007769698650  0.00077829425913737  0.00081939468748451  0.00086629630328325
  0.00092018019256400  0.00098416881455957  0.00105405906674521  0.00113346360377274
  0.00122587619968771  0.00133625169645722  0.00146212624845672  0.00160482412404746
  0.00176536731060736  0.00194170931827776  0.00213477304070376  0.00234610566359074
  0.00258746808980270  0.00288049591850318  0.00323742676603630  0.00365210829611998
  0.00412921938820704  0.00471437804285729  0.00546092501011992  0.00637570960521128
  0.00747862152771545  0.00892383299704157  0.01081089112002094  0.01328774347431152
  0.01659204589412927  0.02146888060959144  0.02851882366169033  0.04041583507082633
  0.06040781803037852  0.09685319983789567  0.20308156542203659  1.00000000000000000
  0.00000099465218822  0.00000431886739841  0.00000673267633733  0.00000902703497862
  0.00001151967657183  0.00001399356339925  0.00001662978680258  0.00001949650623307
  0.00002236296937128  0.00002542365045145  0.00002857836668520  0.00003175918129421
  0.00003517138838677  0.00003885979660382  0.00004276401065660  0.00004682321125564
  0.00005107227858700  0.00005572395109739  0.00006037395812718  0.00006531615435674
  0.00007121470064261  0.00007743392042837  0.00008388584171579  0.00009062851549353
  0.00009747636215940  0.00010411101690425  0.00011083903381211  0.00011808355963292
  0.00012638359335807  0.00013557963734706  0.00014525075425968  0.00015544071905325
  0.00016617571968262  0.00017724194293100  0.00018825060149094  0.00019910043407415
  0.00021009172526370  0.00022181132282475  0.00023455228384935  0.00024782424934643
  0.00026132049720832  0.00027609090911654  0.00029377109631058  0.00031359510085588
  0.00033461850972437  0.00035759858037866  0.00038244046745934  0.00040912344230581
  0.00043832310188466  0.00047133339567975  0.00050786424456324  0.00054638105993789
  0.00058732000997477  0.00063150825482050  0.00067805123005539  0.00072896840961459
  0.00078590418315098  0.00085317467333620  0.00092218094222853  0.00099855182481518
  0.00107834462189718  0.00116480186903354  0.00125904785393407  0.00135852149906697
  0.00147050291872123  0.00159392135635082  0.00172995905514657  0.00188278412024410
  0.00205771339925928  0.00226378613298209  0.00249754014237144  0.00274502249103761
  0.00300740200064881  0.00329665526644534  0.00362861214678095  0.00400389337765924
  0.00442762859195167  0.00490780646143662  0.00550206556679872  0.00624085787824539
  0.00708029756897723  0.00801659478858817  0.00911555348874412  0.01043552957618063
  0.01206622115099028  0.01416033421733496  0.01692844562506136  0.02032259819669950
  0.02455095425461410  0.03036101214338890  0.03872046002197110  0.05096454593131396
  0.07215166292338349  0.11275602330570034  0.22653382569223457  1.00000000000000000
 -0.00274852350674038  0.01051804710016547  0.02091070376104627  0.03196636414870645
  0.04360841488910383  0.05626104323734472  0.06897774366966127  0.08074647524499903
  0.09027812329591431  0.09899887426992586  0.10824007473109915  0.11806172791373060
  0.12754615068036940  0.13677832752707181  0.14652692343609144  0.15826503039025783
  0.17028118410592380  0.18201378622840247  0.19329881316510394  0.20352458683381267
  0.21291432839613197  0.22198922068775029  0.23131121278859437  0.24123106332338451
  0.25160781286366773  0.26281807210121189  0.27414225916239959  0.28659947234950661
  0.29623176727801520  0.30478903996522144  0.31317369483542845  0.32137450327375156
  0.32978697495549714  0.33863432342057226  0.34735020174172243  0.35629346950306734
  0.36589302202657248  0.37558411885909659  0.38630239110757486  0.39686282982809384
  0.40741347713585691  0.41806158931171550  0.42900291842314209  0.44015579893427559
  0.45122245120710514  0.46200033705390120  0.47269322575366218  0.48391689623003126
  0.49560291288631136  0.50621233224178874  0.51546850329616400  0.52507234258745916
  0.53474877110752561  0.54460214360521564  0.55448207821742823  0.56546876093288356
  0.57804912696751742  0.59060031147009606  0.60210735722127806  0.61340794896354944
  0.62456113658891454  0.63573443803308061  0.64684941870910528  0.65814470994653707
  0.66994518104544076  0.68146953913518027  0.69321302526621342  0.70410980006987445
  0.71648766474298731  0.72851106285687106  0.74102555279953686  0.75192161955495762
  0.76186066798117158  0.77175604732288372  0.78155745267276144  0.79088006405028632
  0.79901980979296250  0.80698853394436187  0.81561056193125048  0.82800206017173827
  0.83922853953485299  0.85048232245288491  0.86184933971041100  0.87366483499639791
  0.88566436796056203  0.89707905602578153  0.90714581181710885  0.91732963329732586
  0.92810370371036421  0.93898314539970307  0.94918578015355981  0.95938662692517984
  0.96971147918835077  0.97981735128256164  0.98991367495416838  1.00000000000000000
 -0.00037456116501565  0.00254284864969565  0.00396350550622747  0.00452837508725256
  0.00483677821401132  0.00512145477162051  0.00536057599943238  0.00560062171771215
  0.00584194452668555  0.00606767218018683  0.00627870827603751  0.00650009823000855
  0.00672505592379602  0.00694999298876472  0.00718087134418574  0.00741945586836804
  0.00766576099894976  0.00791672253705019  0.00817443991193092  0.00843568696700231
  0.00870079004676224  0.00897063464842531  0.00926085015630031  0.00955464527342395
  0.00985316662621393  0.01016030929250420  0.01047864622904284  0.01080304269949672
  0.01113406597355915  0.01147797341717776  0.01182746505038704  0.01219776203285806
  0.01258273586096668  0.01297297658531533  0.01339176754940292  0.01381342984999723
  0.01425426251339167  0.01470788163773091  0.01517173969175837  0.01565173966274199
  0.01614031638120050  0.01664207469458789  0.01716512566800180  0.01770589153575256
  0.01826092986954941  0.01883074751722960  0.01941820880647576  0.02002420833290906
  0.02065825287754359  0.02135830954239831  0.02213906774746091  0.02292530159174619
  0.02372739268958576  0.02457039680258228  0.02544419826774476  0.02635236653941879
  0.02728335100175764  0.02824238613125355  0.02924912155379262  0.03027896138881047
  0.03135302282224935  0.03247849717312590  0.03364880191044946  0.03485990772997981
  0.03612058871975605  0.03743740729430372  0.03879029866473055  0.04014783846641434
  0.04166036254697817  0.04365375914971788  0.04600175309853240  0.04842660520015658
  0.05100007078773473  0.05371351028382326  0.05656158866347103  0.05954629710275340
  0.06289652733420020  0.06728961193429077  0.07219902443004930  0.07748993850905136
  0.08340225202666493  0.09032160720378030  0.09798712101385917  0.10686986576083798
  0.11761057274498761  0.12992657048757847  0.14446890927563866  0.16191929357743315
  0.18280613278870589  0.20858552152087814  0.24186257863599073  0.28456634723143404
  0.34300156379156471  0.43513513324796060  0.59855290264896777  1.00000000000000000
 -0.00305813611917103  0.01030888474197086  0.02076369939360428  0.02926867430415537
  0.03777690677158630  0.04627523823566180  0.05457966790558503  0.06282332723520216
  0.07115375082256556  0.07956424026233087  0.08876840513286169  0.09882516764739344
  0.10894145908521884  0.11898784227452701  0.12885034616038435  0.13844838695964226
  0.14764372386368518  0.15654921580727205  0.16579688601573736  0.17482688073650476
  0.18358861361505513  0.19220532581987679  0.20136487440798004  0.21094397886095057
  0.22141432154203497  0.23190186885343533  0.24269710753568591  0.25274114976585071
  0.26316070374427780  0.27367059362582979  0.28433576168664271  0.29502788168191296
  0.30537845105222794  0.31680070348229167  0.32906300725919846  0.34313556983557597
  0.35771718374156358  0.37187867391654328  0.38552958044826957  0.39901150318189038
  0.41223762668809810  0.42588513264041450  0.43994695465817035  0.45442472668371559
  0.46901713517670579  0.48349878209210656  0.49782730150365428  0.51133483932412704
  0.52401727842969525  0.53628709680573150  0.54883732554441467  0.56115586109499394
  0.57292914354959934  0.58475146969580583  0.59746291892123216  0.61104891280287055
  0.62408441047520280  0.63527926119477174  0.64591638664638040  0.65665268517191566
  0.66750059516351534  0.67744758513691949  0.68713529002073048  0.69693645029002338
  0.70711597155975159  0.71749415705631203  0.72804729584544348  0.73943998929680821
  0.74989711256096314  0.75863836486128999  0.76666419545365239  0.77504278009190952
  0.78361149867828805  0.79227439286907186  0.80079347688361802  0.80904562873652774
  0.81785937200780368  0.82755423048961096  0.83689449714913589  0.84586213619305761
  0.85486680379990976  0.86419529663954131  0.87362872386602708  0.88287660082160557
  0.89208489188345541  0.90166520556519847  0.91151923415127123  0.92116041449626263
  0.93046270103699935  0.93955359978511188  0.94872454635795744  0.95813532531769807
  0.96789047785769788  0.97826342026380497  0.98913473434422894  1.00000000000000000
   5.2856303420155282E-012  -1.0000000000000000     
 F F F F F F F F F F F F F F F F F F F F F F F F
  <DiscreteSampler_grid>
  grouped_processes
  1 # 1 for a reference and 2 for a running grid.
  10 # Attribute 'min_bin_probing_points' of the grid.
  1 # Attribute 'grid_mode' of the grid. 1=='default',2=='initialization'
  0.0000000000000000 # Attribute 'small_contrib_threshold' of the grid.
  0.5000000000000000 # Attribute 'damping_power' of the grid.
 # binID   n_entries weight   weight_sqr   abs_weight
    10   10   2.012953782698436E-001   1.881025983368869E-001   2.012953782698436E-001
  </DiscreteSampler_grid>
