  0.00017894178578442  0.00028821000704658  0.00037202993254662  0.00044533953405849
  0.00051620744931416  0.00058896243201989  0.00066335972008439  0.00073766213613378
  0.00081587383926325  0.00089603733047862  0.00097735558889180  0.00106082975351076
  0.00114996114177539  0.00124454621787811  0.00134123450999153  0.00143755828959591
  0.00153399228530531  0.00163335231470158  0.00173819161989490  0.00185294104230999
  0.00197858044959467  0.00210591805288357  0.00222619885630432  0.00233944090246388
  0.00246083853426637  0.00258931683355747  0.00272827751576545  0.00287155593936218
  0.00301630865367058  0.00316294616995683  0.00330147936123707  0.00344202768162020
  0.00358244430592524  0.00373067677887206  0.00388881715672769  0.00405748116861658
  0.00423561889652973  0.00441661426050726  0.00459477656344614  0.00477147963755144
  0.00495888832040684  0.00515152974550880  0.00536193312913367  0.00558224823468410
  0.00580240822251853  0.00601831183545549  0.00622719856873116  0.00644020149899618
  0.00666169420932903  0.00689400679162373  0.00713482937793318  0.00737987375178029
  0.00764615285753501  0.00794577329145697  0.00826504489016545  0.00857473580711583
  0.00887996497272640  0.00918340837605724  0.00950793321002568  0.00984768375810663
  0.01020511056793463  0.01058062856362972  0.01095650514772020  0.01137546786710848
  0.01184851589564354  0.01236511902195998  0.01293525605766109  0.01353417308770485
  0.01418456784208464  0.01487924236449025  0.01561950807991902  0.01638587365738971
  0.01727756541094484  0.01825460367935416  0.01936379452107359  0.02057904108771969
  0.02187338570359309  0.02329341492536354  0.02493502860520021  0.02688546234984447
  0.02918544593321395  0.03182268010407276  0.03484127784577007  0.03832465638917253
  0.04239561458722307  0.04716917103895212  0.05351081245517478  0.06194351289131634
  0.07306071230937379  0.08789381823358357  0.10829058308400623  0.13852670814018930
  0.18726858435530555  0.29226956613577748  0.63568389442468343  1.00000000000000000
  0.00007458693892480  0.00044791252278562  0.00077733826349855  0.00109399812012708
  0.00145966093122476  0.00190678512395763  0.00240148176203064  0.00291113798958894
  0.00346571467426176  0.00385576233428136  0.00427381356724333  0.00483103333084541
  0.00537368380177153  0.00590136559701395  0.00642765483671322  0.00691808865731666
  0.00744832936419686  0.00800525656488433  0.00862375924705319  0.00918905999304568
  0.00968695376448000  0.01017459650409197  0.01071226044057623  0.01128504683873235
  0.01190310069345154  0.01248850964652735  0.01306152562854612  0.01362463837008214
  0.01428752633352914  0.01495062408409357  0.01560176196371299  0.01628043553630663
  0.01705828772983195  0.01797168716700822  0.01894902619973240  0.01991836087853475
  0.02087620300596163  0.02185060028823005  0.02287057347511500  0.02393143939332178
  0.02498740256867025  0.02608839100701867  0.02724053728768133  0.02842385840705478
  0.02961868213657907  0.03097402165978847  0.03236172684040058  0.03382846066654301
  0.03539137742812757  0.03700318272867181  0.03862664259390207  0.04030780095572892
  0.04207226911170839  0.04394417001852056  0.04594692330963616  0.04795360010544856
  0.05000372627952625  0.05212685854210779  0.05433072504606905  0.05664422206360459
  0.05908932715482598  0.06169386130939421  0.06452381833888129  0.06751448942448035
  0.07078800778167074  0.07414699147263355  0.07748350532747675  0.08083899622627787
  0.08432830607458058  0.08794744106352577  0.09162831524622488  0.09530979737193333
  0.09897925106165205  0.10276368569024240  0.10658493874521262  0.11056140072997904
  0.11469266203751424  0.11918508093312689  0.12403631284827826  0.12924450449831495
  0.13507244430353715  0.14151799293422510  0.14846783056557869  0.15623755319927049
  0.16520475042053456  0.17562307290432919  0.18778260140599592  0.20216215005303345
  0.21944382921648861  0.24016368886700751  0.26557758589307029  0.29880576016796850
  0.34465164459054254  0.41425908432135727  0.54948506140751341  1.00000000000000000
 -0.00208455732000863  0.00903107450118106  0.01907546633400756  0.02936366965068448
  0.03978530715816566  0.05022241089476588  0.06054431556421058  0.07085964824177637
  0.08088507733585544  0.09071929526036576  0.10061278500193735  0.11009078400591024
  0.12046645758275826  0.13084909145292667  0.14098231834560498  0.15077534663246828
  0.16031049324224833  0.16973523790028786  0.17905138548328511  0.18831525860472872
  0.19750905823076439  0.20653407527704604  0.21548074420934149  0.22438311767727320
  0.23326694098260017  0.24213936884449058  0.25092239394969373  0.25988696985973136
  0.26928184291693075  0.27971070636870538  0.29142402338749729  0.30110522502898801
  0.31060348234352503  0.31994941002387783  0.32961712163889872  0.33947724531521284
  0.34932911444817966  0.35981694308893997  0.37198539967920763  0.38390301076486349
  0.39582535437685445  0.40774484869552091  0.42018203435853102  0.43370648361213349
  0.44580274973747952  0.45757457163142712  0.46923481342694362  0.48062250642955556
  0.49138387005712469  0.50284517741614088  0.51524804812037805  0.52704066526020532
  0.53798932717811421  0.54906796702512983  0.56034533277155152  0.57193226246629147
  0.58358961811922616  0.59582794584040621  0.60836124708287509  0.62075715265368026
  0.63301116800674517  0.64540343978620751  0.65815367610844555  0.67114975671745558
  0.68385045242299780  0.69623229601877024  0.70821144014665693  0.72044014485297680
  0.73291744437067874  0.74522732802312608  0.75761847937234206  0.77021216357833477
  0.78279369103694640  0.79556188714338305  0.80823511990927344  0.82013845908324301
  0.83130808678889823  0.84203975036839540  0.85281768767779420  0.86358906654526624
  0.87466781544491967  0.88418577504081652  0.89347573563235250  0.90238244947824542
  0.91139047225101844  0.92014812785647349  0.92860685817799160  0.93693630323897903
  0.94494923089132199  0.95279905516929975  0.96052872022809410  0.96811593836396037
  0.97584610622931589  0.98339022541684884  0.99165890073667395  1.00000000000000000
 -0.00253483404345331  0.00906786197103303  0.01960250636753587  0.03062979108412707
  0.04177504929546646  0.05275827926204579  0.06288577442439225  0.07224440809257671
  0.08126963395324902  0.09036100602231378  0.09964642601324025  0.10912016001412124
  0.11869484005143108  0.12860483215167443  0.13889499549049805  0.14961809253935984
  0.16057332327459553  0.17176272567684120  0.18303772542964072  0.19464629191455840
  0.20724186923283644  0.21950492068844557  0.23167540321836275  0.24364507734418339
  0.25527272307905824  0.26632704721889439  0.27694380482416575  0.28716646533567641
  0.29732821465742831  0.30796549905605486  0.31905742782177554  0.33023734066510380
  0.34076341483518252  0.35111952999440993  0.36153423488511921  0.37196831758013915
  0.38248963803568814  0.39316672400770869  0.40379569011510524  0.41398372136082512
  0.42400493531206540  0.43399079179748501  0.44389774358437184  0.45373222820648956
  0.46403704341395208  0.47484927907884389  0.48583828964036807  0.49667053484723028
  0.50722554605785941  0.51729717685349674  0.52756692753081580  0.53751950687836381
  0.54736858614819184  0.55705607451732697  0.56763744243759462  0.57901507085086112
  0.59042896077068951  0.60151495274990230  0.61272379475341099  0.62414743975428322
  0.63553126490154643  0.64643435308773400  0.65690851238850756  0.66735461913855698
  0.67774234849111603  0.68794823424973495  0.69807655509838051  0.70841785312296146
  0.71862891586038524  0.72877619150361028  0.73900008981232090  0.74946841420556842
  0.76021702668847468  0.77131805824030975  0.78266810742398973  0.79358214005978200
  0.80358974021767937  0.81327943088551424  0.82297069494263841  0.83314263904685504
  0.84360876613976754  0.85437825056768535  0.86473441026951792  0.87478304686517727
  0.88447722538356210  0.89412243045028372  0.90385819146263646  0.91367676469913628
  0.92404151360445475  0.93463233813436253  0.94530650963257268  0.95578976182037190
  0.96640542959722930  0.97724364912206152  0.98869555068856807  1.00000000000000000
 -0.00231490745318209  0.01000037330967600  0.01995814374784937  0.03026309073238893
  0.04041418813230604  0.05024104779346289  0.06005086836265985  0.06965272687101499
  0.07955137134470200  0.08966070112215507  0.09966563902210525  0.10944568030980809
  0.11957731903058585  0.13003116184332864  0.14090200369611233  0.15229871434752168
  0.16385112292722945  0.17605923942018148  0.18758807299190305  0.19865331058338495
  0.20951617973205311  0.22055520320268218  0.23144498105432226  0.24197709352678420
  0.25235877480595298  0.26301547571620393  0.27458521311003653  0.28656462786326553
  0.29784033528463782  0.30838280088696257  0.31920406793040873  0.32972887422609615
  0.34063254677567989  0.35085526271554407  0.36142272095532940  0.37147517766581395
  0.38155354886724951  0.39112413584004707  0.40084983949397796  0.41088098231769155
  0.42115551413753760  0.43118166841330285  0.44191241396946374  0.45225405923802414
  0.46229475588820457  0.47237600501411214  0.48288830101734220  0.49340061024395304
  0.50344850131036523  0.51312917868400187  0.52287817779662205  0.53302163729335139
  0.54381025568252084  0.55528798740539820  0.56693976639360077  0.57846020688667799
  0.58956782615836467  0.60020910254054982  0.61079356903161552  0.62109253663353936
  0.63125310761317666  0.64115949064767408  0.65074089712578054  0.66029880631796301
  0.67014155050519553  0.68042129285358754  0.69117654738126610  0.70208867769961725
  0.71364230399788198  0.72536712644774282  0.73652896175407612  0.74683920305463314
  0.75688987382131812  0.76659360349132266  0.77630199373468600  0.78634103073286354
  0.79791498600879895  0.80940203500123309  0.82041706126078162  0.83138087071813571
  0.84284516337742033  0.85427153257266508  0.86520458407146605  0.87596968922353136
  0.88650332756457007  0.89664261335329265  0.90612550018336313  0.91532532112361042
  0.92474695200235335  0.93427191168139112  0.94415504113069315  0.95414762293766231
  0.96493206654335661  0.97622519787711937  0.98803409263628683  1.00000000000000000
   3.7289161299846610E-013  -1.0000000000000000     
 F F F F F F F F F F F F F F F F F F F F F F F F
  <DiscreteSampler_grid>
  grouped_processes
  1 # 1 for a reference and 2 for a running grid.
  10 # Attribute 'min_bin_probing_points' of the grid.
  1 # Attribute 'grid_mode' of the grid. 1=='default',2=='initialization'
  0.0000000000000000 # Attribute 'small_contrib_threshold' of the grid.
  0.5000000000000000 # Attribute 'damping_power' of the grid.
 # binID   n_entries weight   weight_sqr   abs_weight
    10   10   6.289863067736327E-002   3.088435537913091E-002   6.289863067736327E-002
  </DiscreteSampler_grid>
