  0.00004447148842549  0.00004764348794147  0.00004996903588363  0.00005224280404565
  0.00005447462915946  0.00005670566895727  0.00005898776397699  0.00006133263122036
  0.00006368876216503  0.00006674687136574  0.00007047142874952  0.00007409477929996
  0.00007785337084293  0.00008191348961772  0.00008563987521132  0.00008934766259991
  0.00009314330670640  0.00009718589000104  0.00010190756774557  0.00010720299664892
  0.00011230020040632  0.00011730583384812  0.00012294737987239  0.00012929066788025
  0.00013637349107318  0.00014350748779999  0.00015117836780427  0.00015918307983242
  0.00016706217763195  0.00017528069913065  0.00018395343445926  0.00019241666871700
  0.00020087677183078  0.00020937992235646  0.00021787612127920  0.00022674725427334
  0.00023613823055378  0.00024666062620156  0.00025824890560194  0.00027054647552832
  0.00028378734388099  0.00029784855925093  0.00031169642382013  0.00032536226162084
  0.00033998691204603  0.00035501634234710  0.00037104316401278  0.00038806722160335
  0.00040479804143706  0.00042406329270688  0.00044356905657995  0.00046301041527869
  0.00048330144351864  0.00050711319989840  0.00053654347217359  0.00056954818979888
  0.00060458573992000  0.00064261926924743  0.00068423882267542  0.00072579185376903
  0.00077376200921661  0.00082426752375828  0.00087422783973073  0.00092738959376078
  0.00098768670332616  0.00105355098422077  0.00112794842282876  0.00121332676281792
  0.00130691209912690  0.00140751517296865  0.00151743230190559  0.00165082326610787
  0.00179625237389680  0.00195793127910899  0.00214271773690292  0.00235412781742645
  0.00260058506993931  0.00290207993453302  0.00325033277885288  0.00365671749156704
  0.00414157080124759  0.00472164948932058  0.00543643001796536  0.00632420810685564
  0.00741184516372427  0.00884218098137417  0.01069118288001286  0.01314557037939266
  0.01662445090910362  0.02147015687492429  0.02849604983847611  0.04033617647854464
  0.06029295716057652  0.09764072283929148  0.19880729647166206  1.00000000000000000
  0.00000073655805695  0.00000376964630167  0.00000670056581595  0.00000937141885894
  0.00001211945809339  0.00001492329655812  0.00001780906210094  0.00002075905350450
  0.00002377334935201  0.00002687990709268  0.00003009007851841  0.00003372943506685
  0.00003773058451513  0.00004179424931656  0.00004664944605339  0.00005169341298267
  0.00005691250429020  0.00006234771508127  0.00006821749520325  0.00007446580847316
  0.00008138889251186  0.00008864176114319  0.00009602790415654  0.00010355248073159
  0.00011122978555488  0.00011908638363763  0.00012722651393703  0.00013556006975535
  0.00014474626160810  0.00015644964512871  0.00016772909918963  0.00017874567477019
  0.00019033942472354  0.00020211943574315  0.00021331897470900  0.00022473196996049
  0.00023771793544569  0.00025178298532932  0.00026653234586902  0.00028417873112232
  0.00030546746035940  0.00032521166166974  0.00034550795726936  0.00036611847736165
  0.00039016644947394  0.00041624862221171  0.00044590736124966  0.00047771787710028
  0.00051234372463261  0.00055028181925296  0.00059080455237290  0.00063478975745277
  0.00068319679596686  0.00073617227236699  0.00079788890497433  0.00086132699155155
  0.00092638750435462  0.00099803325021441  0.00107321869784144  0.00115706830657557
  0.00124518785342836  0.00133580526799934  0.00143006078772560  0.00153288560941163
  0.00164984199221077  0.00179333826275882  0.00196140325259450  0.00214352112363647
  0.00233427204123510  0.00253787176069741  0.00276912990044876  0.00303319495711914
  0.00333872126023827  0.00367913192096039  0.00405869708815464  0.00450852647632796
  0.00499168506117049  0.00555705831065489  0.00620120545686000  0.00697908355663845
  0.00792013107612211  0.00903182561855922  0.01028466077770958  0.01180136775153171
  0.01375096254334229  0.01622480896557334  0.01913737247719165  0.02295153903126680
  0.02821232881237684  0.03520145531342384  0.04490726617287660  0.05967002108022958
  0.08471148356851387  0.13429860133403848  0.29272407046347815  1.00000000000000000
 -0.00306549045949805  0.01046979144851818  0.02322523022254672  0.03615871618573469
  0.04893860660374265  0.06123609636864335  0.07326717178749458  0.08498045971531103
  0.09620754918477049  0.10772001259319527  0.11978187695079971  0.13113098792311131
  0.14145328805609225  0.15183330945643614  0.16175837145728789  0.17083495106405264
  0.17951035206298457  0.18826299788225670  0.19722645280670362  0.20626871477153419
  0.21583132426205379  0.22537046784407527  0.23496520458208306  0.24469111765547422
  0.25497377105741298  0.26613959954550592  0.27698892161421546  0.28812917618893841
  0.29992111578482961  0.31171514604503064  0.32313967396653953  0.33424033836287370
  0.34515979750933024  0.35611449286981822  0.36685576863444891  0.37697354027923846
  0.38696994108440397  0.39759762195448028  0.40913328276935135  0.42084731849402363
  0.43187865128145497  0.44277345280903524  0.45379162384529770  0.46368998678506346
  0.47231379403437540  0.48110036546371521  0.48960602837413930  0.49836095671309955
  0.50720245423297006  0.51562317306654049  0.52448402955391349  0.53418923756021086
  0.54394772045334061  0.55447349152901426  0.56445636014620060  0.57609445059008602
  0.58739828218081502  0.59931516204229907  0.60993077500728021  0.61990751448916614
  0.63021430264357081  0.63999157484286717  0.64940004630913795  0.65904295348157582
  0.66914373150377415  0.68095153855900847  0.69285767008549792  0.70418772023505039
  0.71463855641394469  0.72449612816968778  0.73524913586600682  0.74542717627077548
  0.75579899373166581  0.76636521638317401  0.77891736686246582  0.79158568806186880
  0.80287892751484646  0.81405899093159884  0.82506445900682890  0.83632113668349251
  0.84734962763380883  0.85852983629369417  0.86989298523625813  0.88058544387219273
  0.89048706589415738  0.90007302014966450  0.90975482616052550  0.92010765389403470
  0.92966614830968008  0.93917066344299405  0.94834564024675017  0.95788077586825171
  0.96790194419120212  0.97797745010398840  0.98914984970505115  1.00000000000000000
 -0.00053024345504270  0.00406361642735613  0.00454615909499086  0.00484657370160950
  0.00510604319227955  0.00534143175530096  0.00556040107303678  0.00577042742323813
  0.00596545512473804  0.00615900331019416  0.00635166474105059  0.00654961890648104
  0.00675321478835765  0.00697740403961459  0.00720332391765648  0.00743059094236145
  0.00767618551264934  0.00793207944415713  0.00820456581407017  0.00847881487856477
  0.00875777714523770  0.00905490909893453  0.00935820029325285  0.00966713829731788
  0.00999208507023778  0.01032870836854433  0.01067318432663209  0.01102163332135043
  0.01137649631225702  0.01173680760346981  0.01210429655501980  0.01248712243992040
  0.01288085478254770  0.01328791752993860  0.01372738520314976  0.01418065863265611
  0.01464636273321479  0.01512151606265369  0.01560041514701317  0.01609538945500700
  0.01661511018718156  0.01715530023665474  0.01771523166760698  0.01829627793325571
  0.01889073992302473  0.01950953113737147  0.02015079897806824  0.02083190761066610
  0.02157249499204169  0.02235580367787192  0.02315123405457332  0.02396566473259816
  0.02481083279189165  0.02571046816539615  0.02663945262795929  0.02760303221383293
  0.02860752084144990  0.02963491205915705  0.03069643591718273  0.03178822740108915
  0.03291306344356353  0.03408260376579949  0.03530135166719868  0.03657129744543806
  0.03790904012746311  0.03930058596568198  0.04074974556703935  0.04246277950037885
  0.04454886722721889  0.04684002192297561  0.04923266065943884  0.05176745932888153
  0.05442373707167010  0.05719369421988252  0.06010137597644120  0.06344930155814252
  0.06754959201739406  0.07198041680408458  0.07668855351418118  0.08161358941590416
  0.08776868336084681  0.09478050800004736  0.10250284518947651  0.11191159712765245
  0.12239086269913976  0.13477368443765866  0.14936018941989909  0.16660392645965105
  0.18792488613025377  0.21363265869999476  0.24580598446626806  0.28722271062711596
  0.34544622702031219  0.43652344379109453  0.59929692110830624  1.00000000000000000
 -0.00219841962087203  0.00831731551500966  0.01728210876962387  0.02614840522092458
  0.03502350440039440  0.04454821915925131  0.05394044157735519  0.06375954327495467
  0.07319230969358058  0.08315547700376807  0.09341704571016954  0.10399564267738895
  0.11363957432284304  0.12314368957470989  0.13307413037232677  0.14287928339038838
  0.15235971599622944  0.16150612870575390  0.17173973040055843  0.18217902302679778
  0.19258300738838616  0.20265380533329427  0.21306545765240764  0.22381576596354671
  0.23455343187993491  0.24517234934047447  0.25515343174695621  0.26487829001760593
  0.27583620421409932  0.28790196985562599  0.29951517953690482  0.31068304718933576
  0.32043873289766733  0.33019882361595354  0.33993522687698036  0.34977116640982575
  0.35918903643493894  0.36843903225292302  0.37797479504158099  0.38848705926490684
  0.39835032248244157  0.40766985905976227  0.41783811649112296  0.42996176586630414
  0.44291885382088991  0.45553657400745950  0.46801269561185199  0.48082630611496607
  0.49389639995562568  0.50756904923737900  0.52098617643677836  0.53340200283704131
  0.54577752180562789  0.55795172745283828  0.57007301987266512  0.58194179320159900
  0.59199728178922328  0.60160349067661667  0.61149348702684247  0.62139283624310804
  0.63120889061345753  0.64127109017268091  0.65297739199447480  0.66603041652984996
  0.67844927728759441  0.69031485666567727  0.70224487258821677  0.71413045304005884
  0.72586846123907101  0.73690544601958541  0.74784584684271804  0.75828047772783491
  0.76925067853734319  0.78044847596207267  0.79185469879705983  0.80184204901789258
  0.81160894369684866  0.82103049311443921  0.83009392317893860  0.83949447977676761
  0.84798423280836766  0.85720534387115499  0.86666586101190324  0.87683247362711325
  0.88771980879045598  0.89842003745693078  0.90874561640558726  0.91928299840418337
  0.93040172354402795  0.94161885285412483  0.95237828605390507  0.96336889834729744
  0.97324211580016973  0.98260405666473682  0.99140046556773098  1.00000000000000000
   5.0102763167014053E-012  -1.0000000000000000     
 F F F F F F F F F F F F F F F F F F F F F F F F
  <DiscreteSampler_grid>
  grouped_processes
  1 # 1 for a reference and 2 for a running grid.
  10 # Attribute 'min_bin_probing_points' of the grid.
  1 # Attribute 'grid_mode' of the grid. 1=='default',2=='initialization'
  0.0000000000000000 # Attribute 'small_contrib_threshold' of the grid.
  0.5000000000000000 # Attribute 'damping_power' of the grid.
 # binID   n_entries weight   weight_sqr   abs_weight
    10   10   5.878698094006311E+000   2.932760624402012E+002   5.878698094006311E+000
  </DiscreteSampler_grid>
