  0.00012356176371672  0.00013178301119431  0.00013912267021209  0.00014648748136671
  0.00015411953062009  0.00016207481203510  0.00017060222592894  0.00017880287964651
  0.00018659503022070  0.00019659856231563  0.00021678447132592  0.00024720150485799
  0.00026938503070699  0.00028819479624597  0.00029511654967893  0.00030271205767398
  0.00031155229104844  0.00032009367306351  0.00032977492518760  0.00033994201239630
  0.00034929168655781  0.00035908885242370  0.00037024722348626  0.00038188061798176
  0.00039373925821727  0.00040572200420806  0.00041834204595206  0.00043199696370423
  0.00044658440880378  0.00046356924142785  0.00048117780811773  0.00049766461672499
  0.00051408832709150  0.00053104165382534  0.00054844951408218  0.00056708407542851
  0.00058863604200196  0.00061232033093445  0.00063622663332778  0.00066051310005544
  0.00068529377549659  0.00070991708099672  0.00073308508497389  0.00075531114960570
  0.00077892300309351  0.00080663806139583  0.00084115058875476  0.00088104236810514
  0.00091973103233981  0.00095461103361275  0.00098740903617069  0.00104070751383376
  0.00112453910098088  0.00126370574046325  0.00136077468233864  0.00143784213780240
  0.00151756636536475  0.00161055804718444  0.00171706724234712  0.00183581976377825
  0.00196863952194313  0.00210306544719653  0.00224384277770508  0.00241058050673945
  0.00257327203065462  0.00272329103659307  0.00289508872733533  0.00308217044876493
  0.00330280850712465  0.00354773656824990  0.00381942114916553  0.00411069823930577
  0.00441125906552033  0.00476509940219341  0.00516760008212473  0.00559573719020954
  0.00618091369131879  0.00687127723346291  0.00764935479821913  0.00851164938515063
  0.00952480919690471  0.01061662947186016  0.01191600120415060  0.01355047772944001
  0.01576554783252037  0.01832769640420899  0.02154875225970066  0.02619708422912950
  0.03194151548343126  0.03913660477585796  0.04959507519252553  0.06511015936796928
  0.08857841574325589  0.13274228969641802  0.24517816254943797  1.00000000000000000
  0.00001557189435345  0.00002847069768921  0.00003786895345412  0.00004546335304552
  0.00005261914526944  0.00006060818477980  0.00006871232007836  0.00007519597728807
  0.00008236732005880  0.00009013020786628  0.00009810515140896  0.00010637180181490
  0.00011445410235940  0.00012243108253087  0.00012999064882217  0.00013739441353677
  0.00014414305958791  0.00015042950398553  0.00015616382427842  0.00016200803540306
  0.00016875256351872  0.00017656662355956  0.00018615367435491  0.00019697726343847
  0.00020806204712342  0.00021983730861025  0.00023287224820203  0.00024744643190457
  0.00026365599714417  0.00028185830216548  0.00030181492128988  0.00032309777336048
  0.00034669508309087  0.00037472890669535  0.00040866399287965  0.00043240417412871
  0.00045558049216519  0.00048035027708043  0.00050632643617703  0.00053338111069456
  0.00056488214888373  0.00059981124353920  0.00063641756869215  0.00067416811569867
  0.00071547367156332  0.00076071727296758  0.00080954107325867  0.00086498929106226
  0.00092841247854889  0.00100375482742528  0.00109381229180166  0.00119562243474978
  0.00127851439531045  0.00135066685172253  0.00142724524045718  0.00150865319462571
  0.00158448069815536  0.00166239741313453  0.00175428122019355  0.00187114476779698
  0.00200415705713078  0.00215050575018948  0.00229714224789782  0.00244664456837762
  0.00260375411652763  0.00279281674646060  0.00302371058902137  0.00331119692521204
  0.00361643572666474  0.00392826929408058  0.00422043498592698  0.00449074858237567
  0.00478343662484442  0.00511034653999516  0.00546542589120734  0.00600720751956909
  0.00659505940203569  0.00731930630825753  0.00802188304367196  0.00877486731702102
  0.00969501953135549  0.01092282689572253  0.01259286792952805  0.01453151141087143
  0.01670914382874331  0.01927124597129951  0.02253584926302839  0.02697094070181478
  0.03343772999429546  0.04218505660983230  0.05312202204999315  0.06952067135858633
  0.09522967699232052  0.13995116382260719  0.26495706215257575  1.00000000000000000
 -0.00269648933402609  0.00955974705829994  0.02112030354259502  0.03255838150573237
  0.04329611800265485  0.05275553897524805  0.06185130282912239  0.07085977578475271
  0.07987969614707878  0.08913578050050594  0.09887792416889862  0.11124150128498478
  0.12335496472772471  0.13410782334495980  0.14434591070985081  0.15491223488600278
  0.16642706156872550  0.17806123241154329  0.19027395547251671  0.20318630228723628
  0.21501942667474741  0.22530910327936909  0.23529055197020601  0.24554092869246044
  0.25556381585391785  0.26524453166093365  0.27632104432603455  0.28727713313436182
  0.29773658882071358  0.30805293098721465  0.31828682676090364  0.32833747576999706
  0.33716995536140076  0.34519094470122791  0.35387917219981824  0.36363854288851444
  0.37369165404388754  0.38392161804620045  0.39453135216052793  0.40388335221133759
  0.41353026454188668  0.42255722315190414  0.43140392433433072  0.44077758062628691
  0.45044967697006172  0.45914315403830541  0.46869550257205533  0.47808335019773651
  0.48861790699380803  0.49901642647342920  0.50750380596755573  0.51558799462901761
  0.52382670521690500  0.53263689235487099  0.54220752071459510  0.55237223742393682
  0.56185215845709258  0.57414374720479056  0.58766516949135994  0.60073200888014411
  0.61278193932869762  0.62387533775145165  0.63592607350181019  0.64619932528155832
  0.65584772765465216  0.66549919381692790  0.67602300835528639  0.68690471109635209
  0.69729867779440424  0.70774217532485961  0.71831581124836408  0.72856042318202530
  0.73751092216172831  0.74640798127247920  0.75600213874851852  0.76596039028307317
  0.77732722835612023  0.78794370944418024  0.79886241967516547  0.81087977665659550
  0.82602698238361627  0.84118335445399628  0.85501883439064974  0.86838168709739771
  0.88036985444560600  0.89059228359009335  0.89947231151325113  0.90878080335271949
  0.91846945767876842  0.92939865812847344  0.94026204761707910  0.95242100328791246
  0.96380814198536191  0.97575944409224857  0.98806481379279743  1.00000000000000000
 -0.00020907628345909  0.00461791063449446  0.00516000779408511  0.00564165126963513
  0.00607554706756155  0.00641361280442213  0.00673194502015334  0.00708489747224004
  0.00745508338712719  0.00778967262641767  0.00810739209603672  0.00844438420096163
  0.00880399727620704  0.00913791897518168  0.00945587431656771  0.00979376222210280
  0.01013295531832401  0.01044876450830223  0.01076998053792872  0.01109606846065603
  0.01142012791952265  0.01175027078103295  0.01208746369898827  0.01241776287329016
  0.01277145286717379  0.01315690346057066  0.01355935272871073  0.01397332449289142
  0.01439663177647905  0.01482789512006318  0.01526649764955188  0.01572589888414711
  0.01619177087456335  0.01666892500693418  0.01716774626781625  0.01769217610807944
  0.01822273983054042  0.01878100591939163  0.01935119466741281  0.01996465800230571
  0.02060711121056832  0.02126048919025287  0.02194026743534414  0.02265200717645180
  0.02338115853061672  0.02412492938695776  0.02487848571054242  0.02568725041359019
  0.02655072776466968  0.02744361958582730  0.02836491700588290  0.02932132868941419
  0.03028621800153117  0.03123951111211308  0.03221775559257611  0.03322409752498036
  0.03420876306837007  0.03524763011109272  0.03631724807955650  0.03744462619161208
  0.03864709063833364  0.03985013594743703  0.04100536906712085  0.04250536781125992
  0.04424126396943973  0.04614652369201225  0.04811041265405176  0.05016467443840576
  0.05230848205159600  0.05463311860330182  0.05712320500035992  0.05971067750482720
  0.06240070321887276  0.06591771115207455  0.06962537481184661  0.07368085854006809
  0.07802270858749551  0.08275556969070155  0.08817283931282666  0.09410463602575608
  0.10051154157417548  0.10821500145363235  0.11697391158583444  0.12663208153442368
  0.13793534736548871  0.15056215162693415  0.16548810107483616  0.18318537166126297
  0.20353520383126580  0.22771800198227721  0.25765013734988435  0.29649887193725782
  0.34985098412421001  0.43881773271076274  0.59863380513950093  1.00000000000000000
 -0.00194923367217103  0.00769885655603361  0.01647334905912381  0.02582084854831779
  0.03359032214064275  0.04091458825946248  0.04887448052429841  0.05746135206941839
  0.06628587902634180  0.07581945858355001  0.08542813762374936  0.09416994864962060
  0.10259812970446323  0.10993385113336288  0.11723834470266684  0.12480192605319754
  0.13386695558257633  0.14169676382683247  0.14964451951804686  0.16019700792035008
  0.17057989627714781  0.18050853271467060  0.18991641733885234  0.19925464871070428
  0.20779441450039804  0.21666511631446941  0.22639875007258445  0.23854396162641253
  0.25058389756155669  0.26162203709815651  0.27299649728412700  0.28523368865660442
  0.29730242678404312  0.30935124632685362  0.32174595632717073  0.33393491851564039
  0.34525501656507102  0.35777754144701346  0.37034870226162631  0.38175879907780524
  0.39196645362322458  0.40227869149404999  0.41258724572526873  0.42310037270848055
  0.43317523063450875  0.44888746663526785  0.46501915554400891  0.47940743835385602
  0.49284333723290558  0.50744468352781402  0.52353443578123415  0.53887064953765906
  0.55323911248949642  0.56694434938937710  0.57979322100459374  0.59273676684582133
  0.60604819164165724  0.61989227223898891  0.63319835158130100  0.64456594258734401
  0.65460468251036441  0.66430776555155457  0.67483682345678087  0.68712872437826045
  0.69951286327208473  0.71095816317661820  0.72178091361277019  0.73131629470549642
  0.74099716576403207  0.74982234136499137  0.75925341732692908  0.76902635962470056
  0.77942364346556503  0.79046733565778149  0.79992937908714656  0.80890943411031102
  0.81787704175750930  0.82719792429118388  0.83632112531391001  0.84551150344508708
  0.85539795466102309  0.86706304191304262  0.87925596821458352  0.89083453507641208
  0.90259102747467646  0.91378260625910546  0.92237163819071610  0.92976620543002153
  0.93832920584351820  0.94770669043013567  0.95636237040190708  0.96449516635968857
  0.97247449617419235  0.98126308590596423  0.99100719076005617  1.00000000000000000
   3.2230289357048563E-011  -1.0000000000000000     
 F F F F F F F F F F F F F F F F F F F F F F F F
  <DiscreteSampler_grid>
  grouped_processes
  1 # 1 for a reference and 2 for a running grid.
  10 # Attribute 'min_bin_probing_points' of the grid.
  1 # Attribute 'grid_mode' of the grid. 1=='default',2=='initialization'
  0.0000000000000000 # Attribute 'small_contrib_threshold' of the grid.
  0.5000000000000000 # Attribute 'damping_power' of the grid.
 # binID   n_entries weight   weight_sqr   abs_weight
    10   10   8.480190975372569E+000   3.550189905612507E+002   8.480190975372569E+000
  </DiscreteSampler_grid>
