  0.00008015799628508  0.00008961780089539  0.00009660709682713  0.00010261046338205
  0.00010706693808623  0.00011166814322909  0.00011657123770873  0.00012173873852333
  0.00012708935974462  0.00013252722188870  0.00013804973709788  0.00014460710274201
  0.00015184363150709  0.00015913875342774  0.00016525135145225  0.00016965787322036
  0.00017362161763634  0.00017778141084676  0.00018203298186735  0.00018658376555057
  0.00019120398737829  0.00019575585602984  0.00020028429151626  0.00020497591662324
  0.00020998809243179  0.00021498424563910  0.00021983669357810  0.00022516922305365
  0.00023347620218696  0.00024539197847462  0.00025645458639503  0.00026766007812018
  0.00027854845821452  0.00028880103210285  0.00029900858010630  0.00030973364807547
  0.00032072136404033  0.00033234746046090  0.00034469851610267  0.00035813648471128
  0.00037331777238661  0.00039073716625348  0.00040964871035676  0.00043000428874797
  0.00045172919857147  0.00047177647260089  0.00049347044703037  0.00051589695351886
  0.00054052246936713  0.00056680523566888  0.00059554376531502  0.00062754393811874
  0.00066340922361049  0.00070285446243122  0.00074492824992301  0.00078914730183000
  0.00083784199100317  0.00089160188143623  0.00094696642941483  0.00100561624965842
  0.00106754632768866  0.00113440041731887  0.00121001475813317  0.00129643172301088
  0.00138750361168541  0.00147855617191799  0.00157278102020860  0.00167520727848562
  0.00178747182423823  0.00191949957502826  0.00207499380470758  0.00225018971983191
  0.00244828636149189  0.00266926847386136  0.00293198966420734  0.00323210285040795
  0.00354875090983307  0.00390824456440250  0.00432794355953114  0.00483661768245769
  0.00545134694809908  0.00616276378928839  0.00699622397686494  0.00803777631248716
  0.00934474297556267  0.01103597883536746  0.01328705270825511  0.01620861151635364
  0.01994366277072917  0.02546152164056839  0.03366283504887639  0.04621574938307444
  0.06642016916281690  0.10572917466711558  0.20400362034464165  1.00000000000000000
  0.00000130126951367  0.00000343464549229  0.00000515409966258  0.00000715058568616
  0.00000928557492912  0.00001138555976317  0.00001357501862505  0.00001575846710230
  0.00001800436272157  0.00002034366760880  0.00002275920830454  0.00002554681576881
  0.00002846034958155  0.00003150565832302  0.00003484400550508  0.00003860171552731
  0.00004248487529826  0.00004645133878210  0.00005060571599779  0.00005494934977237
  0.00005936043508827  0.00006435269229456  0.00007007548205984  0.00007620578200412
  0.00008295490077336  0.00009034967027931  0.00009822658635829  0.00010657937309227
  0.00011519604663042  0.00012390681523689  0.00013272351050589  0.00014204973376921
  0.00015354628066150  0.00016648734236651  0.00017921429119460  0.00019157942906593
  0.00020404180872046  0.00021743447753064  0.00023140743821254  0.00024599501885253
  0.00026174969444220  0.00027869062463153  0.00029700369957029  0.00031692444194780
  0.00033922342067481  0.00036430114552282  0.00039262384336486  0.00042401747153847
  0.00045624273586484  0.00048924766769469  0.00052392448397326  0.00056110334623973
  0.00060272400393766  0.00065063122018385  0.00070487505059399  0.00076316966345009
  0.00082502004801331  0.00089300452477636  0.00096666158821856  0.00104908526467119
  0.00113873741377888  0.00123200421379397  0.00133096524786705  0.00144151488545239
  0.00157101723040338  0.00171529515047682  0.00186880425993730  0.00203249354273462
  0.00221019940467504  0.00240955582291847  0.00264469325235583  0.00291638819002106
  0.00323490004265914  0.00360258565915023  0.00399940266359983  0.00444043195547854
  0.00493741559469501  0.00548860291453527  0.00611403335612903  0.00683722989556070
  0.00773475474186577  0.00881163588993060  0.01007122106172685  0.01152919909019725
  0.01324373885353354  0.01532967453261678  0.01790396315932210  0.02120526602391904
  0.02563355714503517  0.03181986071253506  0.04087221683770419  0.05426550699939724
  0.07504808133782699  0.11674187068586384  0.21742942912504692  1.00000000000000000
 -0.00203556906576293  0.00813414612943350  0.01636796016597059  0.02545772585561953
  0.03507396933185754  0.04515553460764318  0.05701448044795850  0.06712102228177269
  0.07566488687698608  0.08489925627948140  0.09453734165119559  0.10417664211788025
  0.11346840547288929  0.12266165300283677  0.13339669986615424  0.14554249410358491
  0.15754578743884570  0.16922639782544985  0.18064782127153373  0.19189992193580957
  0.20293753951090057  0.21384617038968873  0.22426963522834886  0.23552101478906484
  0.24737097027358970  0.25832136693008434  0.26906362846180465  0.28038876487372572
  0.29156816555186965  0.30023556281100605  0.30860545400722739  0.31708959752917859
  0.32555787769283595  0.33378259197964955  0.34179339068217035  0.34985696767039842
  0.35915069255260562  0.37002756254916830  0.38131421929126441  0.39277668812823774
  0.40446634226709749  0.41619411592736527  0.42785222461922479  0.43941431140889242
  0.45117251985962153  0.46262559673008480  0.47291873087550945  0.48390563650452312
  0.49464860330132548  0.50515326084017931  0.51529158792694707  0.52616846194559885
  0.53853146956532438  0.55044085398089559  0.56203223660350976  0.57330113643815361
  0.58456025188887473  0.59554013590010269  0.60670934241856911  0.61774479021895312
  0.62902566521445225  0.64041606956412800  0.65131010952431934  0.66165823149658376
  0.67174621797674128  0.68147654866151097  0.69162820789732005  0.70259519167588813
  0.71423289435051773  0.72605879398244821  0.73748730291463893  0.74866376255024403
  0.75992077220192733  0.77182925790016832  0.78448812915242949  0.79651869848653523
  0.80790308211706074  0.81862275887921465  0.82912684993158881  0.83973095704682632
  0.85001209012899259  0.86063448277716215  0.87183709483389238  0.88365963358122279
  0.89522176286956046  0.90609895918706462  0.91718084172155057  0.92897752426148394
  0.93955393650172314  0.94775682914865589  0.95633046731472882  0.96550021593981628
  0.97478621627497075  0.98348687592086748  0.99168800144946401  1.00000000000000000
 -0.00041931343545192  0.00383772298920667  0.00467044960783486  0.00513127916440047
  0.00545944142258627  0.00576065731166674  0.00604004137378285  0.00629887879054130
  0.00652644412320333  0.00675723133845073  0.00698948922681608  0.00722410554684182
  0.00745912240322521  0.00769466739211690  0.00793876004302267  0.00818590082779481
  0.00843612286277951  0.00869713441210685  0.00896544319362261  0.00924187049526017
  0.00954849578261414  0.00985304028854563  0.01015975840085513  0.01047697910497038
  0.01080245594976429  0.01114141171346402  0.01149463464918999  0.01186087675251355
  0.01223336554348636  0.01261533743439460  0.01300688779020430  0.01340837398056412
  0.01383170344016555  0.01426561453405102  0.01471254147988390  0.01517303835987175
  0.01564471494591535  0.01612308378223623  0.01661126784661111  0.01710984746234139
  0.01763108694277923  0.01817367810644342  0.01873494640380840  0.01931610494800907
  0.01991525257378571  0.02055416005651493  0.02124316145368848  0.02198895752145862
  0.02275013749471592  0.02352238652861820  0.02430591260523544  0.02510969582036265
  0.02594415657720156  0.02681124716096557  0.02771303067897744  0.02865070101824964
  0.02961258857152058  0.03059988685374832  0.03163089259724539  0.03269642614492457
  0.03379682671118530  0.03491873756767185  0.03607397339726227  0.03727660781870865
  0.03852859791547435  0.03982652124251442  0.04106407747047608  0.04283001941025864
  0.04502667898521386  0.04723026030060041  0.04957023899313522  0.05206784406392440
  0.05470743502879524  0.05749527977259752  0.06041721290752515  0.06385394946048926
  0.06805704249179992  0.07261869972500577  0.07746854808971854  0.08279913501788579
  0.08921173398068133  0.09652755011553693  0.10454573555708274  0.11411273768914931
  0.12453226915667052  0.13679866577681368  0.15120069706712796  0.16807658682356086
  0.18894170889630135  0.21418877294059879  0.24569194961445986  0.28766538081052834
  0.34562217930480682  0.43666327818540929  0.59914602163484476  1.00000000000000000
 -0.00263208455440340  0.00875372451235043  0.01961649186519718  0.03038361371514620
  0.04156117347578628  0.05312507911577897  0.06452220494182220  0.07534868917556320
  0.08599184831142921  0.09570687270968409  0.10572129603237528  0.11500927236434716
  0.12426897191852765  0.13338056722224040  0.14206445248926755  0.15076448136895865
  0.15943172999770866  0.16814184199017110  0.17782191909687406  0.18798291598715305
  0.19828043894383693  0.20889603844390570  0.21972213608120369  0.23048479068517985
  0.23985232961103192  0.24948866419659779  0.25934657252925553  0.26909416720130408
  0.27884156190628140  0.28895496205558879  0.30166683959648521  0.31404493685712204
  0.32353682089560676  0.33278944625361656  0.34215288486186984  0.35162879399730002
  0.36121981577910517  0.37044400179930681  0.38324914031747376  0.39739037308374181
  0.41167690416078173  0.42512749539660988  0.43828634532354199  0.45086453550668976
  0.46401637259826056  0.47798189767651905  0.49237168554916216  0.50655711073442855
  0.52015057240770890  0.53371551382071614  0.54706011453283998  0.56027766028515802
  0.57316352835914264  0.58607002308216027  0.59913347540779638  0.61186696696923837
  0.62345172388563008  0.63300099202228988  0.64268574398848144  0.65242422773291064
  0.66211027413573975  0.67141568690678699  0.68050486076036643  0.69016025919146484
  0.70171290946772780  0.71262125798246112  0.72311745220462820  0.73388584037116489
  0.74458581558252990  0.75475689062566242  0.76425974385128237  0.77333900544257028
  0.78233677193086271  0.79167492326075850  0.80116277416911907  0.81073584680651023
  0.81998494662830212  0.82892713660213757  0.83809735806649033  0.84717648500852438
  0.85605369552185728  0.86477137277590577  0.87404180957458499  0.88431974758049825
  0.89489045770075115  0.90486119999202130  0.91431596247240821  0.92391278501297613
  0.93346224292073965  0.94293360385866287  0.95178153568433055  0.96093863112439715
  0.97059874632918630  0.98060804050581818  0.99048253817775100  1.00000000000000000
   4.7040246686952955E-012  -1.0000000000000000     
 F F F F F F F F F F F F F F F F F F F F F F F F
  <DiscreteSampler_grid>
  grouped_processes
  1 # 1 for a reference and 2 for a running grid.
  10 # Attribute 'min_bin_probing_points' of the grid.
  1 # Attribute 'grid_mode' of the grid. 1=='default',2=='initialization'
  0.0000000000000000 # Attribute 'small_contrib_threshold' of the grid.
  0.5000000000000000 # Attribute 'damping_power' of the grid.
 # binID   n_entries weight   weight_sqr   abs_weight
    10   10   1.493265535500228E-001   1.231812417773297E-001   1.493265535500228E-001
  </DiscreteSampler_grid>
