  0.00002123255005699  0.00002260726895621  0.00002367058551201  0.00002468013785969
  0.00002575359864151  0.00002689407467394  0.00002810467573380  0.00002937967184054
  0.00003064319903008  0.00003181426780622  0.00003322163734480  0.00003517451515895
  0.00003736237717676  0.00003958999227206  0.00004193830582508  0.00004428024801666
  0.00004668701410142  0.00004915757400656  0.00005184472570712  0.00005467270041065
  0.00005753026490327  0.00006040274062255  0.00006324962744386  0.00006689075794449
  0.00007138733279896  0.00007622489163811  0.00008121170556691  0.00008646757487109
  0.00009194740276080  0.00009796931826148  0.00010420918169788  0.00011062306780776
  0.00011737433223293  0.00012495535999922  0.00013352182339250  0.00014286443304852
  0.00015273451752578  0.00016292242585162  0.00017314952173614  0.00018302480692979
  0.00019243725740555  0.00020139611174873  0.00021118211955819  0.00022146853897726
  0.00023139418605717  0.00024178873611100  0.00025455047278960  0.00026870589730980
  0.00028389610218523  0.00029983788429278  0.00031637804511818  0.00033433115047185
  0.00035469737329493  0.00037762088278946  0.00040351504982368  0.00043228147539148
  0.00046287942892404  0.00049455557310660  0.00052629412128150  0.00055819240287967
  0.00059334177518677  0.00063145819435355  0.00067328227005808  0.00072011646871965
  0.00077257557694161  0.00082365139789813  0.00088137175024051  0.00094337160900825
  0.00101375052412186  0.00109723369170559  0.00119067022481836  0.00129997207132289
  0.00142823940260685  0.00157172140119793  0.00174019100800510  0.00192006491064712
  0.00211911188911836  0.00235463278846819  0.00263635073532587  0.00296961137703766
  0.00336216972540712  0.00384193092747567  0.00441728876679870  0.00512885670894874
  0.00603721030956818  0.00721723487441225  0.00875477127967073  0.01086622146901156
  0.01394616728236881  0.01835265802703296  0.02520709143725841  0.03742989015894848
  0.06244026281468430  0.14539662593536407  0.90242441306386278  1.00000000000000000
  0.00000110678564257  0.00000268073247953  0.00000462907134967  0.00000688446465251
  0.00000924308689171  0.00001158918057699  0.00001401132759249  0.00001664089184240
  0.00001938426456543  0.00002221660988501  0.00002513439692403  0.00002837752820472
  0.00003189589816197  0.00003563681576460  0.00003953084674656  0.00004362308564614
  0.00004815413177728  0.00005292717285535  0.00005792158869011  0.00006354876314051
  0.00006962830776987  0.00007610084672220  0.00008304400867710  0.00009018274970122
  0.00009589204764703  0.00010136422503969  0.00010699916883357  0.00011296368271790
  0.00011924223444717  0.00012556601285613  0.00013193615928756  0.00013840600330227
  0.00014506972345667  0.00015203902880956  0.00015941338832475  0.00016753090592717
  0.00017860933921795  0.00019165331444991  0.00020485025251060  0.00021784127159633
  0.00023142976665218  0.00024645747368267  0.00026176631223494  0.00027930386059745
  0.00029939519890078  0.00032120503866859  0.00034501045436143  0.00037024397269315
  0.00039685275146386  0.00042543132145741  0.00045546644174063  0.00048660748554921
  0.00052005759350249  0.00055666539524528  0.00059685158553060  0.00064217799380330
  0.00069201469451489  0.00074454896436301  0.00079949936045570  0.00085891172671456
  0.00092346179855557  0.00099264353575004  0.00107016618823973  0.00115593175473482
  0.00124761036921582  0.00135041692917661  0.00146270093988865  0.00158469107379957
  0.00171790720273695  0.00186212083898300  0.00202490648645323  0.00221609680235458
  0.00243201834911173  0.00266781806599809  0.00294861677418588  0.00327418182224761
  0.00362319573516435  0.00400456217429192  0.00445129235072031  0.00498823293628056
  0.00561738325760930  0.00635827243654160  0.00723329675142466  0.00826478015168619
  0.00950177449511742  0.01101263639717372  0.01286975259991214  0.01531185749412732
  0.01865341734908231  0.02318528229269659  0.02964446405421684  0.03935445675795681
  0.05455814679270275  0.08814853654624683  0.21603323946798458  1.00000000000000000
 -0.00252634329598108  0.00982538168430105  0.01922079238057514  0.02917379128393110
  0.03907527011302623  0.05048625005655610  0.06184185447237774  0.07313553919135185
  0.08470308779385452  0.09639798412359935  0.10792021851525166  0.11928065489646897
  0.12988790331454092  0.13979680018782992  0.14948754203749165  0.15950299671192578
  0.16959923760500176  0.18036054882811992  0.18888992689238546  0.19551197470145948
  0.20261619306437220  0.20993756754853310  0.21695382721357903  0.22388588930382639
  0.23102653170530890  0.23793731121377296  0.24447440549012228  0.25179494885568554
  0.26178159897977921  0.27267355373780700  0.28306351868682655  0.29335885322223271
  0.30407715272278130  0.31462005755852379  0.32510128040991065  0.33561797356850676
  0.34639169203449433  0.35785013636467311  0.36968018826853766  0.38140602819180353
  0.39298859223130855  0.40451645413726378  0.41621352594030586  0.42763054699145364
  0.43858910980204480  0.44929660508193592  0.45963503279440238  0.47006467009153452
  0.48051758739356365  0.49119349175088750  0.50228358250594574  0.51382528253218929
  0.52530750443004415  0.53709866426830344  0.54870768062312714  0.56101576662314645
  0.57326287668189724  0.58533672865611386  0.59716719090767956  0.60874277899567930
  0.62016768792622323  0.63139364883202242  0.64240213953762337  0.65319974820285054
  0.66403846464325977  0.67489765123768708  0.68555845598266496  0.69580767432926938
  0.70582370920350712  0.71614724252183182  0.72684276542544968  0.73773609608281610
  0.74851537509293042  0.75909190755343936  0.76974587129681160  0.78078417269791944
  0.79199022847572287  0.80251800220687497  0.81280050969450168  0.82351120040529768
  0.83398657396633524  0.84453247159337419  0.85530024434244323  0.86618266315398618
  0.87727749770528096  0.88831885784620512  0.89933028979540452  0.91039762096145005
  0.92179087203988908  0.93356775029206684  0.94517567690795512  0.95623375675156153
  0.96720442734194079  0.97812296371270790  0.98884783250733976  1.00000000000000000
 -0.00032043714269251  0.00410015685030342  0.00456520934940572  0.00478123631946595
  0.00497149278146030  0.00514620453447939  0.00530728670362676  0.00545682877317562
  0.00560018952386795  0.00574063513762684  0.00588879283691911  0.00603758104256476
  0.00618485114072881  0.00633098063546877  0.00648179217001582  0.00663458015849774
  0.00678978519051598  0.00694891859982642  0.00711387970928839  0.00728418665738855
  0.00745809125084605  0.00763507825683411  0.00781516688933989  0.00800360595055791
  0.00821249537456554  0.00841798500156833  0.00862346829854231  0.00883422283370410
  0.00905262757095648  0.00927952243365612  0.00951574701393749  0.00976319722463581
  0.01001020448389979  0.01025876732102861  0.01051116753499435  0.01077320976080439
  0.01104836908379482  0.01133203091092571  0.01162669913595978  0.01192959092905543
  0.01223347615243390  0.01256554264914294  0.01290652344311426  0.01325994618759960
  0.01363080408620166  0.01401714166234884  0.01441734491348092  0.01483137790617105
  0.01525508659215414  0.01569085141619912  0.01614838529127058  0.01662473305633158
  0.01712199046293937  0.01764373590562421  0.01818657655862636  0.01874940145084686
  0.01931982593989093  0.01991078035073539  0.02052164885568783  0.02119405567884549
  0.02192990036075095  0.02270536817824269  0.02351026978739063  0.02436242059191888
  0.02526316608711308  0.02621541355918240  0.02721821677196341  0.02826713204615952
  0.02936750055930007  0.03053418163099089  0.03176866904971415  0.03306858753647919
  0.03442767601540560  0.03586429364114065  0.03736765311059629  0.03894298576341141
  0.04058274874940422  0.04251274715734678  0.04537565191716288  0.04850313941286911
  0.05197801707975237  0.05585255126596070  0.05999261937094503  0.06510213322536491
  0.07140797706628639  0.07866389758785457  0.08746993891080017  0.09827518213479558
  0.11182611419929499  0.12935488938046935  0.15243314084788423  0.18591059505833729
  0.23529162586717739  0.32754826764086642  0.62422892391480100  1.00000000000000000
 -0.00206685590226328  0.00797215755472708  0.01737691337973610  0.02631607525268617
  0.03540636315523778  0.04401632702877911  0.05272087392348450  0.06139763723715547
  0.07064840186242836  0.07956343837574623  0.08955564005343127  0.09998084503303364
  0.11055041397303912  0.12129825356243780  0.13214246151642808  0.14287184420176705
  0.15329741606122496  0.16348685129861376  0.17366769724642780  0.18391496341839098
  0.19429597142799165  0.20474640502244912  0.21532951971324762  0.22618216801600088
  0.23690921550693600  0.24771831960697349  0.25873276703388615  0.27012147246202378
  0.28162756843038272  0.29331806712808450  0.30483701731641438  0.31598601450596014
  0.32685318724184736  0.33830133474848645  0.34904115807201008  0.36090960402369437
  0.37325689756696184  0.38577679252705566  0.39916783575061004  0.41232494284490806
  0.42517687456551967  0.43803796645409665  0.45054787836971083  0.46378441788044522
  0.47718363583896412  0.49009096035553740  0.50277487947994914  0.51552654680838650
  0.52847908880770245  0.54191990771440923  0.55568729278319196  0.56859516295655099
  0.57949119701235441  0.58829723763457953  0.59597161609029770  0.60382170043335059
  0.61146482206462438  0.61912639040179562  0.62664056406990098  0.63424019199948412
  0.64185346581937386  0.65166384804894240  0.66399137685769516  0.67610135008913608
  0.68739536414912084  0.69845240223865690  0.70922518191269268  0.71962522983502442
  0.72995258967812615  0.74046976473471360  0.75079280465093778  0.76080010556400035
  0.77065309780040736  0.78163486203383359  0.79251241431698793  0.80300510019754445
  0.81347669612735451  0.82390248102513941  0.83437706474367657  0.84492293622962666
  0.85553129106263581  0.86602932543583988  0.87608729109080341  0.88561149179138443
  0.89492907614719042  0.90431919485054946  0.91367699569684580  0.92307669305476781
  0.93271201393569902  0.94222763057344705  0.95247929879784521  0.96216360871520179
  0.97155635578936828  0.98092756775904910  0.99058545505708939  1.00000000000000000
   2.6574525085894992E-012  -1.0000000000000000     
 F F F F F F F F F F F F F F F F F F F F F F F F
  <DiscreteSampler_grid>
  grouped_processes
  1 # 1 for a reference and 2 for a running grid.
  10 # Attribute 'min_bin_probing_points' of the grid.
  1 # Attribute 'grid_mode' of the grid. 1=='default',2=='initialization'
  0.0000000000000000 # Attribute 'small_contrib_threshold' of the grid.
  0.5000000000000000 # Attribute 'damping_power' of the grid.
 # binID   n_entries weight   weight_sqr   abs_weight
    10   10   8.029810595124663E-001   4.416962464299369E+000   8.029810595124663E-001
  </DiscreteSampler_grid>
