  0.00005056379359580  0.00005336600822286  0.00005532711665575  0.00005726291058051
  0.00005922580535854  0.00006128071351015  0.00006314380631571  0.00006557726836477
  0.00006858686932799  0.00007195141704653  0.00007543978102193  0.00007906818505941
  0.00008295123046488  0.00008705934408491  0.00009101902561858  0.00009630156516074
  0.00010172110068889  0.00010723308316026  0.00011297348017463  0.00011902631116592
  0.00012529904091412  0.00013384031469587  0.00014251064926802  0.00015133622508002
  0.00016028957160287  0.00016923773929519  0.00017786171929661  0.00018591399396471
  0.00019391051482989  0.00020175383877800  0.00020921037186932  0.00021656006777353
  0.00022433478261281  0.00023349998650892  0.00024338996670830  0.00025354659888175
  0.00026427163173735  0.00027534267850934  0.00028747165503800  0.00030182336048059
  0.00031736370465174  0.00033448691894102  0.00035246144215495  0.00037023369738239
  0.00038695082880361  0.00040303879301032  0.00042011721174915  0.00043912368061559
  0.00045875737713991  0.00047927261110547  0.00050209712811673  0.00052986252621147
  0.00055951764961625  0.00058810122897497  0.00061657523146839  0.00064625897197556
  0.00067854385159021  0.00071387763823476  0.00075337047177076  0.00079867513621889
  0.00085017505871664  0.00090956189540316  0.00097147769606462  0.00103631912622370
  0.00110609686875735  0.00117961833261780  0.00126227813778695  0.00135853973015817
  0.00146592548658500  0.00157946213078475  0.00169918767909835  0.00182830786298657
  0.00196278417948838  0.00213015917875047  0.00233095000180376  0.00256310293868346
  0.00281987340457300  0.00311252909940525  0.00346480657356728  0.00390115251798951
  0.00442807727467824  0.00505756993939439  0.00583318821154276  0.00678844819468995
  0.00799262723943090  0.00948566234916982  0.01138535658414316  0.01389399100741035
  0.01727206968086264  0.02204945812369133  0.02896011388781781  0.04109698621072051
  0.06051971585325660  0.09862065946465975  0.20468416720409183  1.00000000000000000
  0.00000101907971411  0.00000414821303436  0.00000661647711680  0.00000870628726361
  0.00001097406843860  0.00001323690056549  0.00001553427771883  0.00001817215804315
  0.00002092081086281  0.00002375169530961  0.00002665899657414  0.00002972057488820
  0.00003296069028147  0.00003638277429993  0.00004000535146877  0.00004384537589122
  0.00004797610419857  0.00005234700778458  0.00005696372119943  0.00006234431756279
  0.00006851509727472  0.00007528196428104  0.00008308949500922  0.00009095039516067
  0.00009873966003357  0.00010632158257783  0.00011402510472510  0.00012246130129894
  0.00013183913636034  0.00014174803588702  0.00015195810646348  0.00016275776293678
  0.00017501545908598  0.00018853590776506  0.00020184173330392  0.00021639444161475
  0.00023225027224937  0.00024899912263274  0.00026642610563344  0.00028448361334426
  0.00030358964444411  0.00032472382540469  0.00034733570117508  0.00037156778561470
  0.00039774607443632  0.00042479806909274  0.00045270905417386  0.00047798278164781
  0.00050428792062661  0.00053503832187597  0.00056662997491674  0.00059890176463530
  0.00063539931564153  0.00067774298140134  0.00072161284624463  0.00077537189598396
  0.00084222927079241  0.00091345497772769  0.00098617188762928  0.00105870212920364
  0.00113536458373813  0.00121964058955934  0.00130848922546963  0.00140901050926992
  0.00152021856312472  0.00163791006452034  0.00177085103076796  0.00192503757998292
  0.00210302236757746  0.00230008650623741  0.00253503479271490  0.00279027227196508
  0.00307728825831762  0.00338746380920501  0.00374914242599221  0.00416241103160801
  0.00461659172562398  0.00511598398970465  0.00568995314365953  0.00635314702491653
  0.00710968321758130  0.00801249057302605  0.00921781435732318  0.01064264938494727
  0.01235684473800303  0.01448759607127297  0.01714133223862785  0.02055386272119704
  0.02498225643985392  0.03106010497254741  0.04032692667223357  0.05545940763715178
  0.07988763485460453  0.12918182579851567  0.29011749018596972  1.00000000000000000
 -0.00242908522372360  0.00981653829259698  0.02028619731497255  0.03067702450805894
  0.04181156332448991  0.05362390709790927  0.06583613745798417  0.07779025882960583
  0.08849697434438776  0.09833579810001518  0.10854673349634431  0.11918604691160033
  0.13012194826123949  0.14009683716063709  0.15100718349192868  0.16269226404213694
  0.17409521206245449  0.18524296372617721  0.19586633242035800  0.20610244017434845
  0.21640848153217676  0.22745264255367134  0.23978703846126256  0.25250417194660046
  0.26486950034840034  0.27728676173346933  0.28879960008154032  0.29948669674195599
  0.30960603926888236  0.32037003671709124  0.33143155038344368  0.34155848399275207
  0.35144449820976081  0.36089846606653098  0.36991411438771005  0.37915082756638935
  0.38769268459616907  0.39589939201981866  0.40431508510572595  0.41332650636075863
  0.42332040610710830  0.43388473175591952  0.44382263282192563  0.45397613570932138
  0.46490234130791913  0.47649415655710281  0.48852080528841668  0.50010379745957445
  0.51101079499209656  0.52170075752361145  0.53249251504083706  0.54338609211152911
  0.55410213753036874  0.56465072669086502  0.57498834447771208  0.58550867275964380
  0.59644768209401489  0.60779553117265006  0.61899229482372198  0.63101329599598532
  0.64397208459207178  0.65561439000036081  0.66726363427783575  0.67659506260183588
  0.68596368085096548  0.69431328954058302  0.70277558102432625  0.71165328467982425
  0.72061288435723003  0.72966580665850855  0.73898435975462917  0.74832993807825465
  0.75862374712608682  0.76941724357685981  0.78084600032425411  0.79239472877385153
  0.80350709165814160  0.81446768346653320  0.82603436112492179  0.83666441719588558
  0.84605214349089375  0.85602961945778966  0.86654992560165778  0.87693255285125660
  0.88661917044871907  0.89689871049510461  0.90845722086976066  0.92062458549775683
  0.93240706116672001  0.94318911019362139  0.95312131848250947  0.96273907917978663
  0.97249263481472092  0.98211963410530989  0.99109935351891210  1.00000000000000000
 -0.00030546651941555  0.00379016513009475  0.00458493283937799  0.00501043801935905
  0.00530260241421633  0.00555225655165770  0.00580653673370972  0.00604542665983958
  0.00624458356239277  0.00644519673625863  0.00664770204446063  0.00685970899340201
  0.00707591151527600  0.00729383947570432  0.00751290713779547  0.00773315008901346
  0.00795951596811860  0.00819462314196727  0.00844170597502987  0.00869567810233248
  0.00895567066021963  0.00922273371999827  0.00952858975413570  0.00983239892134295
  0.01014052101275765  0.01046960965179865  0.01079882972822656  0.01113725580655146
  0.01148887745140411  0.01185018667976877  0.01222401121269766  0.01260406946637335
  0.01299071689416229  0.01339086193758742  0.01381004117467894  0.01424169029901576
  0.01468702150725180  0.01514833686341214  0.01562747205791869  0.01612170585355231
  0.01662031929671641  0.01713140887765099  0.01766533896981986  0.01821932773933767
  0.01878410323294422  0.01936152091903982  0.01997063619835188  0.02061746986453386
  0.02129931263409949  0.02207072633588639  0.02286386011088476  0.02367489667577549
  0.02451859710974819  0.02538650359439705  0.02627356015197546  0.02719024230087073
  0.02814661057246247  0.02914815309650851  0.03018970720312180  0.03126121339860843
  0.03235456550814694  0.03348057420849097  0.03464803892845688  0.03585584371053434
  0.03711003699425728  0.03841043868500839  0.03974334746010100  0.04111107071725173
  0.04283675272142853  0.04509226692848724  0.04736149196383729  0.04979505515918724
  0.05239197666458326  0.05514127673319364  0.05807376862719518  0.06118962133658584
  0.06504586536289685  0.06965833959747007  0.07458095270025034  0.07976362515702179
  0.08568501744819369  0.09279235998972914  0.10048384977645800  0.10950966206769311
  0.12017910662714457  0.13254304547611159  0.14692497496695772  0.16416050559161324
  0.18556693039443836  0.21155363804346006  0.24420359628328964  0.28654125737036401
  0.34381092787384360  0.43419394097993191  0.59898681328652781  1.00000000000000000
 -0.00282471540657405  0.00945532453207642  0.01984863165291888  0.02893513312291356
  0.03810844426323056  0.04754540413103531  0.05643030999919415  0.06499906090825036
  0.07354274027404913  0.08287543441389761  0.09360613584636124  0.10399433341236998
  0.11320072488819879  0.12185700424394331  0.13077374529709157  0.14025169869709031
  0.15015862461897370  0.16008637656787472  0.16938389606868928  0.17771017756437169
  0.18583395516271697  0.19287121419429373  0.20006170577774574  0.20734721298481948
  0.21472560222763631  0.22183855453145374  0.22920701905744836  0.23790364879222639
  0.24648569055711192  0.25603467812533298  0.26591030816779498  0.27590156744593880
  0.28651971354745603  0.29834729461787662  0.31121923353739184  0.32469414552009740
  0.33750262643494361  0.34945488924660867  0.36040654030193331  0.37116975810545183
  0.38194761042273767  0.39275117390301978  0.40384223382416151  0.41558469314192326
  0.42920644373751277  0.44350259975440909  0.45715679369780782  0.47024042747697931
  0.48286555300775919  0.49575861530761178  0.50923295012262748  0.52268495517801161
  0.53611662659985382  0.54981946818400018  0.56368941466153522  0.57709310573313544
  0.59022952291197217  0.60341873476486396  0.61671407485191354  0.62980857226143527
  0.64200304474170633  0.65473651833608237  0.66800568794444748  0.68093687913345680
  0.69373129935416089  0.70670387649995892  0.71818733371767429  0.72919004315624492
  0.73961424546441668  0.75025510973832121  0.76081228973696313  0.77117429991979680
  0.78210157174359107  0.79327298332865226  0.80387055051471024  0.81441855246110684
  0.82516727139001111  0.83541662172127007  0.84490940417568228  0.85423507794531450
  0.86331355323604353  0.87219002807584467  0.88018445990399741  0.88810183234052220
  0.89612937585849195  0.90581826336346527  0.91512817944739477  0.92417751157428218
  0.93298945487413232  0.94208327885524679  0.95204554292866017  0.96134021133945680
  0.97042976976936524  0.98037509257206901  0.99019490274569399  1.00000000000000000
   5.0462662790869204E-012  -1.0000000000000000     
 F F F F F F F F F F F F F F F F F F F F F F F F
  <DiscreteSampler_grid>
  grouped_processes
  1 # 1 for a reference and 2 for a running grid.
  10 # Attribute 'min_bin_probing_points' of the grid.
  1 # Attribute 'grid_mode' of the grid. 1=='default',2=='initialization'
  0.0000000000000000 # Attribute 'small_contrib_threshold' of the grid.
  0.5000000000000000 # Attribute 'damping_power' of the grid.
 # binID   n_entries weight   weight_sqr   abs_weight
    10   10   5.702003467890217E-001   1.325829498802382E+000   5.702003467890217E-001
  </DiscreteSampler_grid>
