  0.00001604161110181  0.00001831308694482  0.00001991820982074  0.00002146219614231
  0.00002311233305444  0.00002480055276226  0.00002645130626540  0.00002802092241513
  0.00002960991433124  0.00003120059309334  0.00003303742733508  0.00003579351782206
  0.00003866099061159  0.00004183467575703  0.00004523288190898  0.00004874784564288
  0.00005253452505042  0.00005653847836153  0.00006051810880884  0.00006438322955986
  0.00006822068117836  0.00007216603187911  0.00007640474684659  0.00008083074637224
  0.00008561792960517  0.00009075981829404  0.00009599658881802  0.00010158737309446
  0.00010720190911106  0.00011328460882900  0.00011961915070160  0.00012569958129289
  0.00013155496687400  0.00013727926014708  0.00014298212227656  0.00014885658405014
  0.00015545755575430  0.00016211672352011  0.00017064844242843  0.00018145920377860
  0.00019312702239908  0.00020436946207757  0.00021551097887982  0.00022689244710758
  0.00023880008951374  0.00025187940616609  0.00026577591916523  0.00028068551003282
  0.00029777043599484  0.00031429839876016  0.00033094119992053  0.00034832801332019
  0.00036651870894049  0.00038384219069548  0.00040156091495035  0.00042091353709626
  0.00044312323290775  0.00046742785062778  0.00049114505858498  0.00052141884437233
  0.00055524452210590  0.00059238934405288  0.00063386660620497  0.00067942550088171
  0.00073741430287285  0.00080117835114147  0.00086954165145907  0.00094606594849527
  0.00102802018008764  0.00111166191853346  0.00120024487654751  0.00129597499913891
  0.00141297222077373  0.00156131828472342  0.00172956092279907  0.00191742728529558
  0.00214023624709019  0.00238636245390784  0.00266407540132584  0.00297848469487446
  0.00338008083100922  0.00386777762250054  0.00444916097336966  0.00514981298600048
  0.00607215329198570  0.00729305353745711  0.00889240738698295  0.01105207021836635
  0.01408933069150980  0.01845514349895534  0.02498692473583021  0.03554377692708752
  0.05434815563217834  0.08966722229629034  0.19260712466418187  1.00000000000000000
  0.00000111884530708  0.00000298873367550  0.00000489426503640  0.00000706426193895
  0.00000960183126246  0.00001212699156272  0.00001468468122021  0.00001729768991368
  0.00002002388639007  0.00002283279845945  0.00002577431038257  0.00002879899642295
  0.00003200167570479  0.00003590060768908  0.00003994916711213  0.00004421301863110
  0.00004873880938165  0.00005353391180274  0.00005854777214137  0.00006364581757479
  0.00006981327734569  0.00007592250187340  0.00008207050996819  0.00008834110934408
  0.00009556562042032  0.00010368419710660  0.00011211071864234  0.00012121307633512
  0.00013205040505454  0.00014327706511358  0.00015429546529776  0.00016596834133083
  0.00017775334703949  0.00018919030834377  0.00020093283098049  0.00021371917404677
  0.00022797330033832  0.00024322871052985  0.00026010881534327  0.00027964487896342
  0.00029892043836799  0.00031457370398806  0.00032877559655797  0.00034411993622196
  0.00036006907423059  0.00037625201824334  0.00039276771964794  0.00041188268824632
  0.00043776801548778  0.00046739230364856  0.00049949957268340  0.00053539016734309
  0.00057527511269164  0.00061966774379724  0.00066973500744875  0.00072445799108483
  0.00078900291301260  0.00086370218648990  0.00094113953597992  0.00101925487613957
  0.00109914121711942  0.00118436092547874  0.00127759105863400  0.00138058656835780
  0.00149818112648118  0.00163427215487195  0.00178768487167492  0.00195194751953267
  0.00212603742723866  0.00231779501127025  0.00253287720167795  0.00277329498663539
  0.00305723413602130  0.00338346440231308  0.00376968702237222  0.00423535666877699
  0.00478389758681098  0.00542487247569987  0.00614119580007648  0.00692994860200554
  0.00784651161921138  0.00896486917833151  0.01038499761854941  0.01213214978914185
  0.01418685186472765  0.01666768063849121  0.02003574594129076  0.02453146730411597
  0.03042062233994184  0.03900148745409082  0.05190473847852915  0.07197877179900859
  0.11057332532842323  0.20423776663982476  0.81126380847119883  1.00000000000000000
 -0.00258170680910222  0.00985027853102400  0.02063136120582610  0.03187927267334457
  0.04278708515710667  0.05376713888493076  0.06469297860613357  0.07597875238008282
  0.08666258027674556  0.09661088553899914  0.10647211599305000  0.11627613347826586
  0.12608388634959145  0.13599074248124812  0.14638397359277350  0.15758163428511610
  0.16837460997541068  0.17899130979473535  0.18933077167434487  0.19927436325098355
  0.20879588051927220  0.21804622701940357  0.22757594441055520  0.23741666891100419
  0.24686062192372607  0.25736333178887866  0.26836978492871671  0.27945976817824769
  0.29050887096147415  0.30167184647139017  0.31328689645664470  0.32555873403403235
  0.33836130098486478  0.35099707173355255  0.36313865604955914  0.37498342027287035
  0.38710889257845982  0.40012154048994636  0.41195471780255272  0.42271241526226727
  0.43362147648474808  0.44150696443544407  0.44808838651934851  0.45558284705077751
  0.46331683182507927  0.47129818347443014  0.47941732245243485  0.48677667192949337
  0.49393748174908542  0.50064734156531943  0.50826015159481275  0.51635633296241923
  0.52451737855162872  0.53293233023417286  0.54103597439054374  0.55256477255408143
  0.56348260664289163  0.57367083308612055  0.58456178903069766  0.59554170585699828
  0.60729437556977894  0.61799051144901729  0.62916846141553695  0.64063102077156997
  0.65168603550992243  0.66274392771716506  0.67417924400919838  0.68615459785741628
  0.69797779263002935  0.70983999112305241  0.72177865320430645  0.73304937973210671
  0.74353397587725445  0.75408756306800750  0.76498757861309807  0.77561243258916623
  0.78614825206935157  0.79657376819882753  0.80722483423242553  0.81826950610133042
  0.82883543686047534  0.83955051327082642  0.85061821249458647  0.86174021527261935
  0.87307675750497904  0.88421649594755980  0.89527717014534258  0.90605190677358904
  0.91688441936637455  0.92825806425020796  0.94005471476538349  0.95239619097301009
  0.96503617056697877  0.97756574285663578  0.98895282360353698  1.00000000000000000
 -0.00033320435261480  0.00387164998028307  0.00438824256914981  0.00474700076669894
  0.00506094349392039  0.00530957657988873  0.00552659655166334  0.00573311807423589
  0.00592589723543321  0.00611076696878835  0.00629054564457516  0.00647729217144930
  0.00666625400542291  0.00685912277348253  0.00706114111140889  0.00726970590720179
  0.00749109159922294  0.00771445463365674  0.00793983907794041  0.00818506045467167
  0.00843987577541909  0.00870522790088000  0.00896883073660895  0.00923860876268752
  0.00951946319895624  0.00980707581839200  0.01010351597366358  0.01041454313830185
  0.01073589012750159  0.01106199600279577  0.01139289071627696  0.01173058359912648
  0.01207663157088481  0.01243975176167780  0.01281746331520262  0.01319728090664334
  0.01360525040096839  0.01402322143010245  0.01445606543984235  0.01490865400254185
  0.01537646803729202  0.01586156053050522  0.01636828610977889  0.01689431444204224
  0.01744249930103355  0.01801377172906317  0.01860169343671203  0.01920279290384095
  0.01980960499569632  0.02044524217993945  0.02113186312623930  0.02189936867402739
  0.02271412617489124  0.02355714078026489  0.02443128361444782  0.02534019644096745
  0.02627883964519567  0.02724582268306740  0.02824804094920898  0.02929341421219592
  0.03038165614694089  0.03150819970895671  0.03268048314481047  0.03389533717168326
  0.03516893115288403  0.03649103577771427  0.03786338174334212  0.03928838304075376
  0.04073088488880472  0.04249012929954397  0.04501670349732200  0.04756327417968435
  0.05026607077564489  0.05312634970629577  0.05614903457549200  0.05932969427335697
  0.06289098283763703  0.06733488951090497  0.07223865583143245  0.07750385731325263
  0.08333683386543710  0.09073789252792996  0.09881085630874459  0.10792336685448470
  0.11853629331883546  0.13073537479921840  0.14514488925506280  0.16242276410193845
  0.18386358236651826  0.20986989386153815  0.24230324430377742  0.28450195916607829
  0.34308659332650010  0.43401665839418319  0.59905864477267545  1.00000000000000000
 -0.00231888228569454  0.00853129335415724  0.01843934787947048  0.02853659315205067
  0.03924895965054045  0.05030019146600476  0.06096150409210914  0.07057290398110658
  0.07972523875997801  0.08852830214673586  0.09772022754080865  0.10766698432892467
  0.11773974633298261  0.12793957409101542  0.13852640637443572  0.14926956586487061
  0.15975953164930795  0.17006624789632363  0.17926881270309114  0.18894032187395912
  0.19881743140090435  0.20865956716307735  0.21793779610662506  0.22770943609897029
  0.23843117027089802  0.25000356317573019  0.26186517024467137  0.27377936571858086
  0.28626527574037708  0.29791310315697650  0.30794517358516360  0.31804720855270424
  0.32816967450590506  0.33747655912538843  0.34566164060448451  0.35396412081282652
  0.36225400341534802  0.37070959888959898  0.37865710754092369  0.38657295817961768
  0.39506094469405517  0.40493870771803447  0.41456492684102986  0.42375728793303735
  0.43277962809192205  0.44545362201491634  0.46055294733233743  0.47533796818204455
  0.48925273306929307  0.50225854805334880  0.51439366097076888  0.52600833750693610
  0.53770907998267337  0.54799153035193227  0.55807022494919567  0.56837839206083618
  0.57863795464944057  0.58892087946195326  0.59886859875827347  0.60965632744796949
  0.62120610227724171  0.63284982491476727  0.64456880269984840  0.65592791367120440
  0.66742261136774161  0.67969875605089147  0.69257318324109662  0.70553983413956733
  0.71721299098259161  0.72851656610737070  0.73972454465334903  0.75135654930722784
  0.76283154297828559  0.77390674564766937  0.78487488781789683  0.79556204680874176
  0.80570468897703940  0.81566610974448317  0.82529063823992010  0.83479378143260619
  0.84457621665804183  0.85489469301388821  0.86555825552203580  0.87609348617993843
  0.88633019220211273  0.89615060281230152  0.90550081039972485  0.91456494469880067
  0.92388716832283235  0.93365216745405177  0.94343567908667270  0.95370286047162911
  0.96450471587642850  0.97602050473709145  0.98790638906939865  1.00000000000000000
   5.3426546387717029E-012  -1.0000000000000000     
 F F F F F F F F F F F F F F F F F F F F F F F F
  <DiscreteSampler_grid>
  grouped_processes
  1 # 1 for a reference and 2 for a running grid.
  10 # Attribute 'min_bin_probing_points' of the grid.
  1 # Attribute 'grid_mode' of the grid. 1=='default',2=='initialization'
  0.0000000000000000 # Attribute 'small_contrib_threshold' of the grid.
  0.5000000000000000 # Attribute 'damping_power' of the grid.
 # binID   n_entries weight   weight_sqr   abs_weight
    10   10   2.700705979283299E-001   5.851512168285936E-001   2.700705979283299E-001
  </DiscreteSampler_grid>
