  0.00280601318550656  0.00297662856623151  0.00310056693170638  0.00322583614527315
  0.00335608666314905  0.00348988852505387  0.00362676416448242  0.00376680248261922
  0.00391225134078537  0.00406473767804935  0.00422272655447605  0.00438553712535653
  0.00455478961217264  0.00473036119526066  0.00491198596499012  0.00509987884765016
  0.00529659504226307  0.00550118395137170  0.00571325941117710  0.00593488001569415
  0.00616607962336621  0.00640551222535823  0.00665336419588646  0.00691151475456858
  0.00718097677649407  0.00746078048780548  0.00774978326466848  0.00805287876940291
  0.00837249033016511  0.00870301869415450  0.00904631675301555  0.00940618033241870
  0.00978192794371994  0.01017234396897928  0.01058047709150387  0.01100901472267030
  0.01145755913793157  0.01192441508949010  0.01241088037117536  0.01292357723620371
  0.01345607981046038  0.01401033872838264  0.01459459030863311  0.01521216784533767
  0.01585547944927993  0.01652680354995278  0.01723475641760745  0.01797431042981490
  0.01874719688639214  0.01955497600803505  0.02040516236036483  0.02129921740313771
  0.02223534725139852  0.02322275808080787  0.02427121495880353  0.02537634559148093
  0.02653289515904331  0.02774951399423617  0.02903902053430060  0.03041096460944168
  0.03185588282516232  0.03338308673084527  0.03501551515532653  0.03677398628127638
  0.03863297917160794  0.04060708794478473  0.04271000612522033  0.04498564421159248
  0.04742857064791175  0.05005605439404289  0.05285950894986437  0.05587240133309995
  0.05913249494620594  0.06269103958100197  0.06653301044682354  0.07072319163117254
  0.07530451462459242  0.08041204606593741  0.08600362257572146  0.09214765047726300
  0.09900520961820984  0.10689832565717444  0.11582744731858238  0.12581746667836405
  0.13681676951079333  0.14940256506580590  0.16388584213827309  0.18103917811522474
  0.20171516183741184  0.22661277934385141  0.25721240656990590  0.29497399910079997
  0.34047435150911537  0.41225094151908592  0.55405952496968036  1.00000000000000000
 -0.00239855648465950  0.00939009106552932  0.01948658531287868  0.02984492701688099
  0.04030227032073757  0.05088243375316615  0.06152600523840131  0.07206019488647634
  0.08251829592960443  0.09305990281415345  0.10367128619516446  0.11417954222053867
  0.12469624715732930  0.13522957609573441  0.14585542949535257  0.15651696450892827
  0.16710929190516721  0.17770298979621468  0.18827349396051762  0.19887237273198663
  0.20942926909294535  0.21991628884693087  0.23044741891950440  0.24091246567775193
  0.25142350503694894  0.26196287561344672  0.27254187734217361  0.28314776542644865
  0.29369278239874197  0.30417742774690870  0.31476679908278049  0.32534525057370717
  0.33603019981841992  0.34664429938445523  0.35730152681135219  0.36792580078869580
  0.37850101885439652  0.38908009134142096  0.39970212118406023  0.41020665547394269
  0.42065523262478027  0.43103667513471272  0.44145768054726764  0.45190872172716595
  0.46238302996114783  0.47290971714262675  0.48342087455096344  0.49392128893168236
  0.50441744327048899  0.51487382580272778  0.52537636838165724  0.53593964858535070
  0.54655453852261848  0.55715435369561028  0.56770419448842124  0.57823947520911834
  0.58878685374853057  0.59937139351680169  0.61011827756803949  0.62075623573044314
  0.63137248921798317  0.64192143929382184  0.65250646287207259  0.66305863714006075
  0.67355355724125154  0.68408483727802993  0.69452417280780854  0.70500132092879320
  0.71547266582406399  0.72597501888516502  0.73637465525104018  0.74669207864830067
  0.75703757966549978  0.76737455478972294  0.77787185373363743  0.78847580951653184
  0.79917646916125562  0.80996617718558828  0.82075560963596406  0.83153385327858231
  0.84213340608147891  0.85268720618755234  0.86337229510480273  0.87396102388108787
  0.88443786569638660  0.89493015503751305  0.90551870302173298  0.91614047588804015
  0.92649505109420893  0.93698453883788224  0.94751904393532604  0.95808682891316721
  0.96861038237560193  0.97911328603930747  0.98957018200878666  1.00000000000000000
  0.12219357310544306  0.12625259710682074  0.13377181167363802  0.14204932616067609
  0.15004879604646573  0.15813496557202694  0.16624990542629706  0.17442596037472535
  0.18262143539426876  0.19084616605936461  0.19912220340019682  0.20739158781971573
  0.21572262769461875  0.22407033460598411  0.23246615093854411  0.24088624024277597
  0.24933555620856404  0.25783301895669053  0.26634046345980067  0.27488933499960216
  0.28347903289539772  0.29210188857988062  0.30076299746387947  0.30945628996404934
  0.31819675833001465  0.32696962472983893  0.33575938012957085  0.34459622358891989
  0.35347503319159995  0.36238698199836611  0.37132161096270477  0.38027578914592652
  0.38927621026369841  0.39831007416274772  0.40732882410620852  0.41631714061366693
  0.42529266823178430  0.43429469965087364  0.44337795934552909  0.45252992104049289
  0.46169398978535048  0.47086949594079569  0.48008404414660988  0.48932563006829349
  0.49861181505118185  0.50784625851294640  0.51705350413659557  0.52624419527956812
  0.53540482839404591  0.54455456633735477  0.55372671787483863  0.56293329036746120
  0.57214539945686860  0.58134246794644517  0.59055311482009953  0.59978935420782764
  0.60898414381908494  0.61813114349793097  0.62729469683132710  0.63650499234325564
  0.64573706676967813  0.65502188407497930  0.66434592235757151  0.67373936891689201
  0.68311301036191607  0.69258036397365352  0.70213320955870451  0.71174608592379662
  0.72136789561819237  0.73099064396239299  0.74064851719507352  0.75030562465842288
  0.75992089533421125  0.76955035199432542  0.77930818612527308  0.78916960939882697
  0.79906970936721866  0.80895281591243373  0.81884887287090835  0.82880560352698318
  0.83880460209187657  0.84883843909477397  0.85888739603057052  0.86892502068521971
  0.87909646877719805  0.88945569290854187  0.90014377644617127  0.91123267555231713
  0.92250011668654630  0.93352618109314744  0.94351300811769545  0.95240543801746724
  0.96122589011688298  0.97081467646337882  0.98318806703254247  1.00000000000000000
   1.7195344185980991E-003  -1.0000000000000000     
 F F F F F F F F F F F F F F F F
  <DiscreteSampler_grid>
  grouped_processes
  1 # 1 for a reference and 2 for a running grid.
  10 # Attribute 'min_bin_probing_points' of the grid.
  1 # Attribute 'grid_mode' of the grid. 1=='default',2=='initialization'
  0.0000000000000000 # Attribute 'small_contrib_threshold' of the grid.
  0.5000000000000000 # Attribute 'damping_power' of the grid.
 # binID   n_entries weight   weight_sqr   abs_weight
    10   10   9.803678829409979E+010   2.893127551523217E+022   9.803678829409979E+010
  </DiscreteSampler_grid>
