  0.00000683179574502  0.00000866245572531  0.00001005604869409  0.00001142766817883
  0.00001289624522109  0.00001440645508211  0.00001598904522981  0.00001764847569723
  0.00001937653883174  0.00002133256532003  0.00002324419490974  0.00002518038073492
  0.00002715171040857  0.00002911246088480  0.00003114444802680  0.00003329678594055
  0.00003592748648772  0.00003865271752201  0.00004147839060356  0.00004443120254935
  0.00004753478390121  0.00005079655811182  0.00005425837762744  0.00005801767856289
  0.00006173882821193  0.00006529679083823  0.00007120500225482  0.00007709659195436
  0.00008327009763790  0.00008984487707025  0.00009632039577229  0.00010190508690792
  0.00010787683947280  0.00011401276721038  0.00012095939656491  0.00012971632737891
  0.00013871534562681  0.00014742069389131  0.00015699297342828  0.00016723128919994
  0.00017771221324484  0.00018783641655372  0.00019757618193945  0.00020827610911202
  0.00022020068256124  0.00023334208479950  0.00024849008658892  0.00026499778607014
  0.00028238284427696  0.00030091881461555  0.00032035240018570  0.00033991626329756
  0.00035909008573803  0.00037988990144539  0.00040171846351020  0.00042567283274525
  0.00045210005218165  0.00048016264504290  0.00051123911530483  0.00054749394115466
  0.00058499937277010  0.00062697387612245  0.00068075754026777  0.00073605632152632
  0.00078481659016891  0.00083409967889918  0.00088919107713783  0.00094794256846563
  0.00101009564448195  0.00108444638573509  0.00116387278357641  0.00125129523809242
  0.00137062099407415  0.00149847436247129  0.00164698725643130  0.00182433814728219
  0.00203686964505818  0.00227670293014941  0.00253596285979265  0.00283476629700566
  0.00320869198748959  0.00370095775529594  0.00434066961005823  0.00512074783296159
  0.00605607901129203  0.00728842083431931  0.00882689834294582  0.01082558861532246
  0.01380202957064613  0.01798760071676019  0.02435717101748906  0.03474527662652370
  0.05307930460895999  0.08855434508235735  0.19081711927376047  1.00000000000000000
  0.00000135940919378  0.00000292735631437  0.00000427108580283  0.00000598506072367
  0.00000812402724373  0.00001045586628342  0.00001274069853118  0.00001504988544535
  0.00001742103989081  0.00001991106761542  0.00002263051527787  0.00002561058247890
  0.00002880044673429  0.00003224984374603  0.00003605278248499  0.00004041386510623
  0.00004511485172849  0.00005022721109351  0.00005537382678480  0.00006059260028590
  0.00006635052147996  0.00007332984033584  0.00008079202965561  0.00008880253738756
  0.00009742524798511  0.00010674516032997  0.00011695180855290  0.00012655452130123
  0.00013675785828784  0.00014803828610191  0.00016079207935925  0.00017327538248338
  0.00018476015296805  0.00019676199339301  0.00020917484434776  0.00022227423644524
  0.00023625439526531  0.00025138152979247  0.00026768002517482  0.00028491251385687
  0.00030298682415089  0.00032310683591680  0.00034455436558733  0.00036755429768185
  0.00039258508874417  0.00041942300415876  0.00044792427851773  0.00047843603096629
  0.00051050154588290  0.00054226317221053  0.00057056639749418  0.00059509858508248
  0.00062072510706754  0.00064797077081057  0.00067717537786811  0.00070796733691882
  0.00073966927313765  0.00078113664772030  0.00083259771493592  0.00089064290176923
  0.00095744043565135  0.00103712401647482  0.00112866410569670  0.00122799658628574
  0.00133595310007348  0.00145481793660794  0.00158201605673191  0.00172181329218471
  0.00188486179921603  0.00207234462471196  0.00228761702919907  0.00253718055243813
  0.00281716429910773  0.00311605465579221  0.00343229493298010  0.00379622727758217
  0.00421532215122650  0.00471577739206326  0.00530835369722031  0.00601306521397317
  0.00681181831416278  0.00772677547375152  0.00888477285859059  0.01026367878246467
  0.01186071180128520  0.01383901332046702  0.01645072731005092  0.01979209596521169
  0.02430120438834979  0.03036261205087366  0.03884379436248918  0.05176918653658075
  0.07642610814332797  0.12136606383411444  0.27313555369420500  1.00000000000000000
 -0.00295454060890882  0.01033319204612160  0.02201620263548849  0.03481030292565886
  0.04725602212759410  0.05914882260616525  0.07039247859183552  0.08149471358532444
  0.09274641343656617  0.10374702812826402  0.11449119129546842  0.12533128853507899
  0.13664589935272436  0.14835456380829978  0.15979759445845454  0.17047120724633974
  0.18069347905980129  0.19095679205650865  0.20151116460030058  0.21189931330655595
  0.22202520184219665  0.23328041591396140  0.24602954612721045  0.25797757277127875
  0.26912179712981266  0.28042243339510448  0.29183926955654371  0.30377442223974516
  0.31518975340733996  0.32576824913178365  0.33598516229481584  0.34581441594441448
  0.35560397883409128  0.36573261307659111  0.37645982507154618  0.38817956975085399
  0.40053039970659077  0.41326294181016004  0.42542855730505730  0.43655962846089957
  0.44628434989476878  0.45559729216596923  0.46514305081965890  0.47466353866888600
  0.48446660134141772  0.49397887355082010  0.50505969528535799  0.51699782570326669
  0.52936217038540423  0.54147910126641685  0.55227329237242495  0.56187129426699911
  0.57098623143902560  0.58034825175566640  0.59023356960669304  0.60054289747509970
  0.61110611934473758  0.62131858605566803  0.63181251048306819  0.64263995861046230
  0.65395753497470854  0.66537790096406402  0.67743543000083439  0.68972726596155953
  0.70158697319123509  0.71329038817361534  0.72515792657124445  0.73683229621507607
  0.74854052108313696  0.75972720135814786  0.77031494183683391  0.77893046387247100
  0.78776881308567870  0.79652686041254361  0.80492561493886661  0.81338976736600843
  0.82246264933535407  0.83135071576540776  0.84141322628020832  0.85343448611541384
  0.86408492965218386  0.87518275110553845  0.88605109893272094  0.89697519700330641
  0.90728959901034312  0.91672925804779559  0.92365858442688253  0.93090743652501706
  0.93830541290277536  0.94577192365631713  0.95319560985573493  0.96063959986365444
  0.96830853713332288  0.97563035854679214  0.98521916563429557  1.00000000000000000
 -0.00058192392262244  0.00328627105378166  0.00419816765157801  0.00461964690261716
  0.00493667275973897  0.00520715692311761  0.00544699017153028  0.00567919083847076
  0.00588592462703377  0.00608799005933209  0.00628294686479622  0.00647791468993769
  0.00667288828996321  0.00687415298091618  0.00707756937991874  0.00728794654958824
  0.00750491423525248  0.00772836318542495  0.00794844737740983  0.00817072943048623
  0.00839691581498303  0.00862789017831263  0.00886796594063546  0.00911911187565892
  0.00937346056693759  0.00963345147412407  0.00990098577581504  0.01018369163941873
  0.01046945444429917  0.01077193606592680  0.01109398750843497  0.01142087867796875
  0.01176367302964258  0.01211686447047370  0.01248029777453727  0.01285656933890287
  0.01324713302212346  0.01365619439079581  0.01408313566967108  0.01453049150118533
  0.01499993194856789  0.01548290334670217  0.01597849626048122  0.01649075339844739
  0.01702221828305638  0.01757724665894859  0.01815350149848682  0.01875114311958881
  0.01937633818764485  0.02001171325373418  0.02068319124808749  0.02141188583825932
  0.02221648807508353  0.02304564354401445  0.02389075484393029  0.02476883668573121
  0.02566447112890491  0.02658870193334498  0.02755258784074245  0.02856285088582828
  0.02961885284927540  0.03072257502022013  0.03187447459486031  0.03307630523787846
  0.03432399827116012  0.03562220911765181  0.03695904063752157  0.03832409831989664
  0.03972383754736505  0.04118364264449237  0.04317711476622266  0.04555280215503320
  0.04809365658085141  0.05078614334810851  0.05366682356656437  0.05671360040959752
  0.05994208366537306  0.06369480119640876  0.06858235040078679  0.07395193432680985
  0.07971820930530382  0.08644198488255216  0.09438263497190816  0.10298677384275236
  0.11344763777814740  0.12558679541462844  0.14018875765504754  0.15743848080793668
  0.17838800543671651  0.20391712078620861  0.23662906575376169  0.27914652357038583
  0.33795182671512464  0.43029323562009314  0.59884133756338986  1.00000000000000000
 -0.00263004580757982  0.00808952282391165  0.01830994756240698  0.02914314470616264
  0.03932985086437544  0.04724610677589292  0.05412289259270659  0.06123741246118151
  0.06867227525447496  0.07622455728662075  0.08319850928956622  0.09014722978724873
  0.09734926881073871  0.10454423997614452  0.11414927908578802  0.12465224417717986
  0.13511784241949273  0.14545278242133447  0.15576832002932611  0.16597152581687680
  0.17598319220667025  0.18590898905094935  0.19638713259806168  0.20738281190293714
  0.21790179087373340  0.22834192207520226  0.23958644830333375  0.25075528557651067
  0.26125618260074168  0.27156407613502115  0.28135077911402973  0.29088553786330346
  0.30051246687478239  0.31060769241042147  0.32105570552563267  0.33219101796135936
  0.34494324699670498  0.35833529259688157  0.37164694268586346  0.38475259546242702
  0.39665128640598118  0.40738455572169557  0.41793209096566142  0.42827214481287612
  0.43836408201091742  0.44833138106158227  0.45877747694486004  0.47034202996568519
  0.48298486898256932  0.49666831819389645  0.51144241132324486  0.52601820086613560
  0.53970851958115640  0.55298354663111060  0.56546528270380059  0.57773082922638674
  0.59042241114085325  0.60372720935077828  0.61712562886949829  0.63016658233408929
  0.64301339776256428  0.65529236484446862  0.66710298868831641  0.67810601203193610
  0.68949293497048314  0.70071685368595338  0.71176700723788766  0.72226093567316851
  0.73245159483425859  0.74276167160806483  0.75312351427381818  0.76387662437105919
  0.77443428982733442  0.78511858049722905  0.79561484114168413  0.80556314698252662
  0.81475200866010178  0.82294828609991710  0.83095810954714067  0.83913850882085816
  0.84736741730816723  0.85563805163879092  0.86426850610196548  0.87228274895192093
  0.88187852160798097  0.89208983465484193  0.90233029138388743  0.91257945942219543
  0.92285612376184956  0.93344471508540083  0.94452560593238233  0.95582357255990757
  0.96685095492464213  0.97776720519302673  0.98871159870741343  1.00000000000000000
   5.4655501991760376E-012  -1.0000000000000000     
 F F F F F F F F F F F F F F F F F F F F F F F F
  <DiscreteSampler_grid>
  grouped_processes
  1 # 1 for a reference and 2 for a running grid.
  10 # Attribute 'min_bin_probing_points' of the grid.
  1 # Attribute 'grid_mode' of the grid. 1=='default',2=='initialization'
  0.0000000000000000 # Attribute 'small_contrib_threshold' of the grid.
  0.5000000000000000 # Attribute 'damping_power' of the grid.
 # binID   n_entries weight   weight_sqr   abs_weight
    10   10   2.903651938804797E+001   8.186976527908513E+003   2.903651938804797E+001
  </DiscreteSampler_grid>
