  0.00008305599248234  0.00009345240395696  0.00010015393924694  0.00010542273204325
  0.00010995780076719  0.00011503796492254  0.00012002694808631  0.00012485673562794
  0.00012967756690460  0.00013463603251164  0.00013967363734084  0.00014466108228560
  0.00014961912777176  0.00015513693292583  0.00016084867623231  0.00016619256426158
  0.00017108050704006  0.00017599770398158  0.00018120072942817  0.00018669333109360
  0.00019241335281821  0.00019800471480839  0.00020384788287474  0.00021029222175380
  0.00021622802352963  0.00022294997585548  0.00023139528833283  0.00024251813377378
  0.00025338528820268  0.00026193585782646  0.00027071753037306  0.00027949277587455
  0.00028864010966758  0.00029795542983491  0.00030759727843660  0.00031775422803386
  0.00032790077405198  0.00033989035040823  0.00035308240047574  0.00036745392978352
  0.00038330294225793  0.00040004462888635  0.00041758158336895  0.00043691975005614
  0.00045773926077332  0.00047822569796931  0.00049994660222745  0.00052341469094118
  0.00054967509524145  0.00057482808539483  0.00060183097506457  0.00063147115228662
  0.00066366798298748  0.00069747756666957  0.00073327409591716  0.00077564637583505
  0.00082228118397513  0.00086905100319776  0.00091934727960085  0.00097623855646951
  0.00103651567517644  0.00109955582991917  0.00116906396056277  0.00124288248007630
  0.00131850859045342  0.00139687752426622  0.00148786952573587  0.00158885990825920
  0.00170311990282349  0.00183896882069268  0.00198538564583844  0.00215901251293249
  0.00235358960241513  0.00256666165754628  0.00280097603346637  0.00306358033778440
  0.00336675056988240  0.00370858066390297  0.00410331905634377  0.00457873850283895
  0.00518060758606542  0.00592607102049823  0.00679737616020353  0.00782117125452694
  0.00912565477731016  0.01082853440177267  0.01294642369385875  0.01585538098691110
  0.01971084365866268  0.02504182107969884  0.03305643692199503  0.04582013750027666
  0.06658748485766507  0.10738749473545600  0.21345842143812033  1.00000000000000000
  0.00000136482142948  0.00000262834406066  0.00000409365935690  0.00000589617397444
  0.00000804863115268  0.00001045743701666  0.00001285617611434  0.00001546354340742
  0.00001815038455727  0.00002086192692951  0.00002387819901037  0.00002695732174643
  0.00003025738668996  0.00003386305585591  0.00003758527256703  0.00004171844256548
  0.00004610847719257  0.00005075995504385  0.00005563226997851  0.00006068420786120
  0.00006626909847496  0.00007223314130537  0.00007863295987410  0.00008515431877949
  0.00009226577020719  0.00010003139161419  0.00010836671716502  0.00011734984670930
  0.00012706171386006  0.00013746785677510  0.00014832270319703  0.00015905950759993
  0.00017027557809295  0.00018187455345767  0.00019395869873586  0.00020602666285427
  0.00022177110561268  0.00023961906446501  0.00025726958801725  0.00027449222427422
  0.00029230598778695  0.00031023807013903  0.00032920385668856  0.00035112031527955
  0.00037626205762842  0.00040362837658894  0.00043346034081491  0.00046520663665563
  0.00049879832695347  0.00053666618046770  0.00057885424914574  0.00062563028075876
  0.00067789382718462  0.00072975683940747  0.00078486942860134  0.00084461244078974
  0.00090889556441610  0.00097823815000164  0.00105105692618683  0.00112755726039932
  0.00121128103456832  0.00130620648670009  0.00141837410290348  0.00155457605178403
  0.00171160141409393  0.00188878780846286  0.00207762705353882  0.00227430908907864
  0.00248704811534928  0.00271973820555891  0.00298276400075432  0.00326980637387817
  0.00360688999007878  0.00400264747696372  0.00449094935405497  0.00502591586739893
  0.00561481778197263  0.00627172075858070  0.00703057555177116  0.00789502765060181
  0.00889697496353762  0.01007785336695980  0.01146023896397371  0.01318801722158348
  0.01538328727667475  0.01805016108507585  0.02151073619675982  0.02611682520697999
  0.03197967982129359  0.04058474955674578  0.05348130254929766  0.07327773276176684
  0.11461737698872929  0.20960076617443119  0.83974133908376480  1.00000000000000000
 -0.00275519128182606  0.01081806364482817  0.02136594460035877  0.03177478769292288
  0.04197850419999988  0.05266507464748391  0.06379964877425380  0.07532162267417274
  0.08623292517344255  0.09688828083129955  0.10727983094098759  0.11801987436380375
  0.12855557551097255  0.13918788935437929  0.14977255307547968  0.16084630186328652
  0.17219976206088067  0.18372389189595886  0.19548268713257413  0.20669937087860221
  0.21766548824132445  0.22874705614508795  0.24024865929192762  0.25184626112287689
  0.26279140252001748  0.27328495219146820  0.28355142735106226  0.29357043631036406
  0.30344163394080159  0.31368271905998135  0.32437333315313477  0.33525767464878309
  0.34638125845364054  0.35744565461922739  0.36830335459657781  0.37886029229099372
  0.38911036593857756  0.39895345030846152  0.40819844929593563  0.41738491872966776
  0.42695473024852665  0.43709372571059468  0.44754949077003270  0.45765938261541139
  0.46768760127370340  0.47790065532402581  0.48683186418233249  0.49525071239568763
  0.50363316018023963  0.51198271152921992  0.52057626552589409  0.52922558111390017
  0.53778682426838476  0.54784890934988029  0.55867106756176499  0.56918989620461380
  0.57907690120161381  0.58877044393206013  0.59860489508159076  0.60875151691289053
  0.61865371176086337  0.62865823750758809  0.63926514148633962  0.64979879321710210
  0.66007882355370773  0.67128935446952931  0.68376761771172889  0.69619238640159664
  0.70838957917529899  0.72029694357536067  0.73191697173632664  0.74346640339293557
  0.75498278143551811  0.76694931428624169  0.77949229331077696  0.79134005640916782
  0.80110963719812822  0.80978810104571042  0.81870749107963281  0.82745653433403576
  0.83593500042276170  0.84434703120094901  0.85316779806516652  0.86494520314224055
  0.87688042385011267  0.88825749614938809  0.89989710039429771  0.91200016563743391
  0.92368732297571254  0.93463161255453509  0.94564141778498523  0.95642805873907522
  0.96729580288309358  0.97816764321873628  0.98899606472001611  1.00000000000000000
 -0.00064838161941473  0.00426743990006348  0.00470519825558852  0.00499310995436388
  0.00526275473666744  0.00550406020554893  0.00574190119900051  0.00597587336371072
  0.00621173166419528  0.00644870923797339  0.00670345703726860  0.00696276616016532
  0.00722583882965034  0.00749409149155572  0.00776687761160332  0.00804126607995809
  0.00832038789228740  0.00860841858745741  0.00890179644416558  0.00919756806220046
  0.00949591697105299  0.00979818471745814  0.01010837637700365  0.01043224206589631
  0.01078387028194133  0.01114314821496468  0.01151075439131461  0.01190195572978086
  0.01229274917460698  0.01269549053357638  0.01311114021317906  0.01352945301745240
  0.01398249138212527  0.01444217098038245  0.01492302749319623  0.01543290882218779
  0.01595220817968707  0.01650558958938480  0.01706577783912896  0.01763325218486171
  0.01820931112376098  0.01879451931558589  0.01939371512828091  0.02000400135761338
  0.02065967069972840  0.02135436030954943  0.02208913648495189  0.02285635280257795
  0.02364335434293952  0.02445702451385590  0.02529842789124730  0.02616296724512629
  0.02705919893344344  0.02798838911761794  0.02895519615095735  0.02996441547335080
  0.03101433767513840  0.03209430551848683  0.03321207491858627  0.03435624553468414
  0.03554647739371464  0.03677788751102141  0.03805881582859206  0.03938164459415337
  0.04070153026240907  0.04227341766064748  0.04413293677848052  0.04609204428511668
  0.04814420742177082  0.05031456151885035  0.05262821047568598  0.05506203889956789
  0.05763393418577571  0.06029841414036854  0.06340359608364023  0.06731046924592766
  0.07151515462260705  0.07598793762796344  0.08075217053005418  0.08641781594271931
  0.09302491302415612  0.10018184887341215  0.10831998502640040  0.11759224711957775
  0.12811328570276734  0.14047347277600536  0.15500308351631903  0.17200836945278289
  0.19242238581128265  0.21724606547095268  0.24924638428371421  0.29061180885250887
  0.34747025928532604  0.43721504438046510  0.59946114007339135  1.00000000000000000
 -0.00282824505782088  0.00980372439747691  0.02049503494000831  0.03082210602307044
  0.04084609308194730  0.05070514633659555  0.06023229094061636  0.06941276306898782
  0.07854748545855569  0.08823003946529617  0.09853662960099095  0.10894209436392054
  0.11910883215466789  0.12888031918536547  0.13840697625936724  0.14799909432905892
  0.15732891020901080  0.16658883692724605  0.17592084298619112  0.18544634941640467
  0.19562437685527870  0.20639326640159719  0.21762706104919358  0.22966288761954726
  0.24163625128695410  0.25355192757725914  0.26447142361031395  0.27524539082791161
  0.28607395254425655  0.29738188821433098  0.30919123319111802  0.32184084506799637
  0.33472736447633433  0.34481828578377677  0.35443281816054933  0.36274529069169226
  0.37113206466561527  0.37982519761440853  0.38867886306907662  0.39719444927913145
  0.40614086500459834  0.41592678008219847  0.42769873562615973  0.43967840815942622
  0.45105389179349209  0.46224339094233285  0.47303377558844478  0.48390655807889216
  0.49529473246412453  0.50779726406115511  0.52097848119994239  0.53436617923127483
  0.54799806518879079  0.56086712911843950  0.57345024423650848  0.58556887918386302
  0.59763749719696202  0.60973801785120652  0.62138111676494745  0.63295590400093527
  0.64437678710678525  0.65564028909936234  0.66701022244106523  0.67856924087003001
  0.68966672556652198  0.69984449073611177  0.70967025450982868  0.71937413089241586
  0.72904510117062060  0.73891810101750299  0.74875491986324760  0.75861649522685637
  0.76847446174166500  0.77895809056956888  0.78996540180590835  0.80055093342966366
  0.81074197296340689  0.82096406901175578  0.83120291888222797  0.84119590551267531
  0.85090934095361670  0.86041599683679149  0.86985904426491489  0.87932399798849525
  0.88888949421979979  0.89882002284639828  0.90922726797253872  0.91986261674820313
  0.93062677296948138  0.94114002746759051  0.95094336217699171  0.96064479779964851
  0.97031520255993753  0.98008703586832180  0.99007926698222493  1.00000000000000000
   4.7323751354593520E-012  -1.0000000000000000     
 F F F F F F F F F F F F F F F F F F F F F F F F
  <DiscreteSampler_grid>
  grouped_processes
  1 # 1 for a reference and 2 for a running grid.
  10 # Attribute 'min_bin_probing_points' of the grid.
  1 # Attribute 'grid_mode' of the grid. 1=='default',2=='initialization'
  0.0000000000000000 # Attribute 'small_contrib_threshold' of the grid.
  0.5000000000000000 # Attribute 'damping_power' of the grid.
 # binID   n_entries weight   weight_sqr   abs_weight
    10   10   1.269870609990789E-001   7.048494603453045E-002   1.269870609990789E-001
  </DiscreteSampler_grid>
