  0.00278375917563185  0.00292835044141940  0.00304982141215323  0.00317518500338538
  0.00330427137502268  0.00343567468094291  0.00357006890206796  0.00370892233758735
  0.00385303131941793  0.00400182972654536  0.00415549746420931  0.00431548636885802
  0.00448451281972179  0.00465884981638732  0.00483905924914955  0.00502664404425879
  0.00522186696237883  0.00542396037980547  0.00563267636066430  0.00584976253491093
  0.00607659094200021  0.00631124029583552  0.00655334468755311  0.00680901049003619
  0.00707736896488633  0.00735449960548031  0.00764309031848872  0.00794538253677133
  0.00825922699196542  0.00858351402261320  0.00892182829106518  0.00927681707920801
  0.00964655457094731  0.01003094042795609  0.01043211057661895  0.01085092416872304
  0.01128629113012853  0.01173838955270931  0.01221135661489282  0.01271286493416629
  0.01323666689540672  0.01378105252017415  0.01435116036310824  0.01494853257856736
  0.01557009997018265  0.01621676637464199  0.01689526199206625  0.01761003299432816
  0.01835736121361293  0.01913915706396980  0.01996809603035890  0.02085062822066963
  0.02177134465329462  0.02273150217472594  0.02374654305649332  0.02481835922253510
  0.02594474801919459  0.02713034636793313  0.02838470796083403  0.02971703063588946
  0.03112888697295913  0.03261884151436147  0.03419662107871884  0.03587667628557123
  0.03767312766931868  0.03957960245446343  0.04161229298571977  0.04377267628075309
  0.04610655186765007  0.04861038644490371  0.05130738245304909  0.05418988383322049
  0.05730832153238562  0.06068729316171850  0.06439432425314637  0.06840879293979205
  0.07280313474888772  0.07760164176298154  0.08296190065264011  0.08895971145384604
  0.09577782491204141  0.10342841900683084  0.11197313947260372  0.12145616574130461
  0.13212874193515556  0.14440817211068854  0.15882180579026972  0.17543808062328359
  0.19515121944875344  0.21857882886201874  0.24578972429218776  0.27827964659639703
  0.32105419670603469  0.38145111661425335  0.47771404528431483  1.00000000000000000
 -0.00235068526404069  0.00983712056246319  0.01999220409110361  0.03057191282472436
  0.04114848850693108  0.05182539467326509  0.06248928340148379  0.07315301826243087
  0.08377996772419286  0.09419585653865999  0.10461760371358188  0.11494043689756663
  0.12531341389031186  0.13567215729314985  0.14600506680829403  0.15650322796559776
  0.16696700449347532  0.17754538153116611  0.18804247373816962  0.19855706441730092
  0.20920264554999354  0.21978422828503938  0.23030605303171761  0.24083076510618975
  0.25140707295876968  0.26211100973648394  0.27265647308934865  0.28310087453777072
  0.29353716385803347  0.30408481144392718  0.31464385795123534  0.32514703774768772
  0.33574762937900404  0.34638265943190039  0.35701481906894977  0.36755169735939519
  0.37818564772764812  0.38889037347537475  0.39961826101167236  0.41040517763891532
  0.42115589416400900  0.43175869050641968  0.44230249130723170  0.45287630540057466
  0.46337915088709453  0.47387076570306930  0.48437318036350879  0.49494934695016635
  0.50545416530751286  0.51593400818488300  0.52653013942293214  0.53714759561903935
  0.54773882996868217  0.55826318390156715  0.56886670674363837  0.57948694229309838
  0.59002796820402637  0.60034949326384501  0.61071337087179156  0.62106361706427460
  0.63153339039666245  0.64197620176245718  0.65256981478013643  0.66319433203849731
  0.67385099676090443  0.68444681121378514  0.69505510848554020  0.70567392881246982
  0.71628710195501000  0.72681706036893412  0.73731259275359462  0.74778082970320192
  0.75830466487306447  0.76881882999879447  0.77938356207828297  0.78983427589449251
  0.80027437057904538  0.81072348890297796  0.82128015014394407  0.83181192385047653
  0.84237593129453925  0.85304118401566076  0.86372327534581550  0.87440360038360454
  0.88479226010470580  0.89521208832164256  0.90556942100652693  0.91590084356783563
  0.92635306150741481  0.93682729067908899  0.94759230065478595  0.95826654470373462
  0.96872868937544099  0.97912734552328318  0.98950509794334696  1.00000000000000000
  0.12012372047590057  0.13133356650875999  0.13921462581221547  0.14708016219459322
  0.15508028671553009  0.16311419909979544  0.17119306943067239  0.17929156479656058
  0.18741863634440981  0.19558633572395129  0.20378848248324569  0.21201651249419445
  0.22025956658269905  0.22852429902527840  0.23683950360132025  0.24520199780765986
  0.25360668330702985  0.26203141185249057  0.27047235013863374  0.27894463084051863
  0.28745860325196543  0.29600270121201616  0.30456853798839822  0.31314124940143007
  0.32172727874840773  0.33033135900589511  0.33897442084459034  0.34766225121877514
  0.35639453540726806  0.36520154316066439  0.37406209625058212  0.38295865009699243
  0.39187678591340119  0.40081783342274291  0.40979862799276701  0.41878518118518537
  0.42775507900000109  0.43672202906289331  0.44572817772628315  0.45475054709450419
  0.46373817773386539  0.47269815596568920  0.48167438244349670  0.49071858551894859
  0.49981418932045757  0.50894143473822506  0.51806546859803881  0.52720055961286816
  0.53635553952450454  0.54550153060056994  0.55463248667019627  0.56377991809011940
  0.57297592458929747  0.58218260815110912  0.59140842789966319  0.60066351979864774
  0.60993893282717426  0.61921939101527179  0.62855460421597820  0.63804457779158830
  0.64757670322563132  0.65703106493849750  0.66643331387693860  0.67585798585240542
  0.68531204712300564  0.69470701870385176  0.70410250198393465  0.71362139994544715
  0.72318088304766026  0.73272654222490530  0.74227017776610893  0.75185694805833514
  0.76148188098881264  0.77113695152864181  0.78085711767750376  0.79066462797518600
  0.80051594394248637  0.81035938571421551  0.82017022605968215  0.82996855662665370
  0.83976256353380352  0.84956456091478405  0.85940357303206361  0.86931467241740246
  0.87935924397373777  0.88957092422124429  0.90007243991409114  0.91099017984636155
  0.92217279665274243  0.93315411771022716  0.94313549361150883  0.95203166908517745
  0.96082238567362011  0.97043492630533423  0.98287954666556088  1.00000000000000000
   1.7207680458511902E-003  -1.0000000000000000     
 F F F F F F F F F F F F F F F F
  <DiscreteSampler_grid>
  grouped_processes
  1 # 1 for a reference and 2 for a running grid.
  10 # Attribute 'min_bin_probing_points' of the grid.
  1 # Attribute 'grid_mode' of the grid. 1=='default',2=='initialization'
  0.0000000000000000 # Attribute 'small_contrib_threshold' of the grid.
  0.5000000000000000 # Attribute 'damping_power' of the grid.
 # binID   n_entries weight   weight_sqr   abs_weight
    10   10   5.013985418083212E+010   6.048415309114980E+021   5.013985418083212E+010
  </DiscreteSampler_grid>
