  0.00279217237488630  0.00290550214332882  0.00302275458908695  0.00314939786091334
  0.00328045607535877  0.00341419961531667  0.00355141646061482  0.00369345172752839
  0.00384052871021780  0.00399183925164920  0.00414701320184648  0.00430697356790081
  0.00447341348477362  0.00464629673459018  0.00482545870442354  0.00501204293766416
  0.00520726168258750  0.00540915524795051  0.00561795129392076  0.00583682801960061
  0.00606594206785978  0.00630258747876875  0.00654748969810293  0.00680339050025214
  0.00707180927592937  0.00735019740474686  0.00763843429640625  0.00794327274695768
  0.00826035759953233  0.00858822386930368  0.00892928325372886  0.00928598707970088
  0.00965844038131964  0.01004577135947469  0.01044901105980953  0.01087156532159877
  0.01131623576398519  0.01177804720692780  0.01226106340956153  0.01277211585867913
  0.01330453095624388  0.01385742617610373  0.01443746057495359  0.01504720796916233
  0.01568436725349337  0.01634822940649800  0.01704241810877091  0.01777231105669716
  0.01854036033513395  0.01934459901154628  0.02018861872719527  0.02108486440892377
  0.02201952112578468  0.02299766120228853  0.02403030056494239  0.02512490343730203
  0.02628113421209894  0.02749749502075384  0.02878058585294023  0.03014382901310475
  0.03159142263263444  0.03312271749210711  0.03474210135125388  0.03646815062167542
  0.03831830287918695  0.04029328515845232  0.04240052507948645  0.04465320520998577
  0.04706485009131983  0.04966959110247987  0.05246510509033521  0.05549257704850254
  0.05878529858401288  0.06237882402711316  0.06631328223037510  0.07061907585622856
  0.07533188796257359  0.08045649782143406  0.08609862770938503  0.09237077946944350
  0.09935602240614363  0.10724768540521534  0.11617850028437347  0.12618566542453788
  0.13741048508670017  0.15058887844727042  0.16597106878027859  0.18381038796438229
  0.20487355418327441  0.22946875635694372  0.25927060504228694  0.30028098077064413
  0.35672673062436050  0.43627759547113892  0.59272561554702063  1.00000000000000000
 -0.00242962171734434  0.00967464795785977  0.01983487844052526  0.03045764510056815
  0.04101715418460574  0.05150710573383830  0.06190633006878771  0.07243573836687395
  0.08298240411746192  0.09347623758086250  0.10405259313107053  0.11470278267767607
  0.12530158462102903  0.13590569183423784  0.14657964349626296  0.15729331714726758
  0.16790468923592325  0.17837513614641909  0.18884717986989957  0.19933076566191427
  0.20991583343406420  0.22051571287315988  0.23114010813567357  0.24181644559165794
  0.25250830686951248  0.26315631802714967  0.27368185996536831  0.28418063953747580
  0.29465887928269180  0.30511678122731939  0.31553403223830895  0.32594649514885304
  0.33645984026819120  0.34695169099005385  0.35748871074985655  0.36795175327642965
  0.37844669817734289  0.38897746967690117  0.39947950161567458  0.41001271030829389
  0.42053435711557102  0.43115302560820340  0.44174711988552012  0.45233199806279334
  0.46284197411175193  0.47340421387043691  0.48379706586053400  0.49428363742491982
  0.50475823785499385  0.51534447152285801  0.52591261463494543  0.53646560471296079
  0.54700456480179183  0.55753114466301101  0.56810605449427765  0.57871453261769357
  0.58925954565316052  0.59977832604434334  0.61026080986995235  0.62075131659481753
  0.63118323999881243  0.64157404342809832  0.65197544260819029  0.66237080392625514
  0.67276500141305573  0.68329749175418653  0.69387179312898084  0.70443563265436160
  0.71494834621091063  0.72557748033782798  0.73631227567119206  0.74702739213244596
  0.75766504463447271  0.76832191224787860  0.77904361091613983  0.78982234108055649
  0.80043422920010265  0.81102877218176295  0.82163355765042556  0.83225758909139225
  0.84256792093903210  0.85294722517143562  0.86342594433164865  0.87393597529435685
  0.88438739929043442  0.89484245359118753  0.90537395471298243  0.91592593144886958
  0.92649930479314568  0.93705926124418404  0.94752510310666016  0.95803965962944926
  0.96855384951334422  0.97910744490770063  0.98955011360102607  1.00000000000000000
  0.12118449714586339  0.12966127282410597  0.13785686623277144  0.14577219017832957
  0.15373706894057401  0.16172429485656795  0.16975397315416474  0.17781177305043228
  0.18589315535011858  0.19401427178628233  0.20216092666759977  0.21035879045723802
  0.21859881821807597  0.22686708699937996  0.23516548370564463  0.24348336264036052
  0.25183215303724332  0.26022516356418596  0.26865919841752267  0.27712358445602364
  0.28560769554483523  0.29413574369549500  0.30272212200137111  0.31133716729029332
  0.31996368480411802  0.32861331539882271  0.33733382773435955  0.34611113028045759
  0.35489687382436635  0.36366713688510832  0.37243060371029318  0.38120551736707176
  0.39001444829479670  0.39886368783364567  0.40772405670771922  0.41661418318921639
  0.42555116379854036  0.43452276688792868  0.44350791611183493  0.45249438927183783
  0.46151996591342120  0.47058026257881763  0.47965293599358788  0.48874639652506696
  0.49788624528783260  0.50708703369084207  0.51630788583707909  0.52551426718854588
  0.53468550182269869  0.54383083709730362  0.55299421733739140  0.56221958759187907
  0.57151964481414008  0.58085472115151426  0.59023111087847879  0.59965864810385638
  0.60911787095465464  0.61858989612596160  0.62801365855457869  0.63737120551895399
  0.64671253640562332  0.65605766419091749  0.66544087181135469  0.67484040895804809
  0.68424810361044841  0.69366034502003771  0.70304622832039310  0.71249136765574606
  0.72202565450152523  0.73158051325597795  0.74110157686459177  0.75068501055163617
  0.76037476132636961  0.77009799949269042  0.77985246354052795  0.78969082521890177
  0.79959261288938988  0.80947523899771945  0.81927145130203460  0.82905210543136665
  0.83891582890289884  0.84890611469217758  0.85899450307863290  0.86906700294062600
  0.87925862231794372  0.88967462872810288  0.90044372190866351  0.91161615869160839
  0.92276367506414558  0.93366630224219460  0.94350735303750055  0.95230554917499055
  0.96102338056391134  0.97053696980573356  0.98301131903707750  1.00000000000000000
   1.7180627432460656E-003  -1.0000000000000000     
 F F F F F F F F F F F F F F F F
  <DiscreteSampler_grid>
  grouped_processes
  1 # 1 for a reference and 2 for a running grid.
  10 # Attribute 'min_bin_probing_points' of the grid.
  1 # Attribute 'grid_mode' of the grid. 1=='default',2=='initialization'
  0.0000000000000000 # Attribute 'small_contrib_threshold' of the grid.
  0.5000000000000000 # Attribute 'damping_power' of the grid.
 # binID   n_entries weight   weight_sqr   abs_weight
    10   10   5.768615069290358E+010   9.408361840323000E+021   5.768615069290358E+010
  </DiscreteSampler_grid>
