  0.00003552015446962  0.00003847185617815  0.00004067160439790  0.00004289080563098
  0.00004507905222834  0.00004715964515738  0.00004916578607615  0.00005124689245025
  0.00005346331191439  0.00005572075637271  0.00005815311838265  0.00006064263523911
  0.00006314802658265  0.00006591383759644  0.00006902731469874  0.00007255092320309
  0.00007622569220585  0.00007980502219989  0.00008317879576324  0.00008651115049636
  0.00008961778672999  0.00009342899638585  0.00009863868331658  0.00010482836901743
  0.00011144840810192  0.00011807455639304  0.00012490002828711  0.00013122457884660
  0.00013787554888812  0.00014468206074466  0.00015271924383519  0.00016210922458348
  0.00017145604946141  0.00018012020923252  0.00018982554192857  0.00019985632256356
  0.00020993422559105  0.00021991527302137  0.00022994907910338  0.00024008467821368
  0.00025091337471067  0.00026289853082926  0.00027538397640068  0.00028856288550075
  0.00030366150208227  0.00031838684639946  0.00033409382225526  0.00035062022616383
  0.00036806505477313  0.00038706211890597  0.00040789952174328  0.00043023512068807
  0.00045429067298061  0.00047938315934424  0.00050629938896705  0.00053571701899536
  0.00056847225370164  0.00060499111531290  0.00064416570680621  0.00068502630315310
  0.00072972843109824  0.00077569564588798  0.00082473933738923  0.00088042262765829
  0.00094372075458759  0.00101496573492928  0.00109795757956507  0.00119106676808367
  0.00128926895959650  0.00138849968524849  0.00149633261818467  0.00161667356756291
  0.00175805439342853  0.00193183839124502  0.00214134027257457  0.00236505421011337
  0.00262418301130933  0.00291712283493628  0.00326889840458105  0.00368312385830029
  0.00417412353264476  0.00475758840907344  0.00547749250210198  0.00640756122755833
  0.00754816891300781  0.00892840737447520  0.01073497008816756  0.01327048929155707
  0.01670326949336275  0.02171836709740621  0.02879896304952635  0.04087351216775958
  0.06108701954910845  0.09903039215996123  0.19742614922040796  1.00000000000000000
  0.00000075196796496  0.00000388114762768  0.00000638580941206  0.00000895878910371
  0.00001156968420924  0.00001421891369302  0.00001730731714851  0.00002067903994157
  0.00002437742626311  0.00002814813932988  0.00003212194897935  0.00003651291256089
  0.00004206545994538  0.00004786313326328  0.00005373278031527  0.00006026532120564
  0.00006695044619853  0.00007375334281776  0.00008065274354330  0.00008762804923452
  0.00009587517475848  0.00010468658153794  0.00011372278078447  0.00012310580600348
  0.00013297059633015  0.00014315213009181  0.00015397841851818  0.00016547657064840
  0.00017687448867785  0.00018942564974224  0.00020258830786819  0.00021609904937937
  0.00023041147948357  0.00024583901668280  0.00026273860797470  0.00028085395491854
  0.00029993028428641  0.00031980346488237  0.00034018430283382  0.00036215476113669
  0.00038038148753368  0.00039698878565619  0.00041490366816544  0.00043404980115475
  0.00045360157641374  0.00047371094044498  0.00049487201127521  0.00052321939698623
  0.00055816041902296  0.00059514630425523  0.00063465124812142  0.00067698903864541
  0.00072079772613467  0.00076753958510856  0.00081836268374648  0.00087467456567757
  0.00093735246967094  0.00100794755316380  0.00108268227065029  0.00116266982222803
  0.00125125562731359  0.00134851392213718  0.00145198181789702  0.00157054890796132
  0.00170250534426200  0.00184298022858570  0.00199315866476614  0.00214444948213795
  0.00232053674690491  0.00254011719511434  0.00278562277407227  0.00304740653906907
  0.00333410252780253  0.00365923605516477  0.00404394242580440  0.00450128455045518
  0.00502678505616657  0.00560919654445025  0.00623462943311999  0.00694584269055692
  0.00780989704539347  0.00882740707880882  0.01004811523924968  0.01156308577619726
  0.01336380618717574  0.01553277590890944  0.01823934509034692  0.02179301248881280
  0.02665986969057452  0.03305028215775584  0.04174099100724425  0.05472096474216205
  0.07642131589017827  0.11782820405092832  0.23256645493476985  1.00000000000000000
 -0.00241835653502033  0.00866507688904906  0.01938233529732684  0.03104709643287067
  0.04371790961460902  0.05588850389027505  0.06829461834351462  0.08030458904838006
  0.09152582295718166  0.10215981424693726  0.11284446145559589  0.12381755273119364
  0.13569650605951933  0.14718790131546400  0.15674138957555919  0.16608616074446159
  0.17470349382315542  0.18384904403033056  0.19377405200628758  0.20477564422751196
  0.21650193935336312  0.22745648200676122  0.23568908040590122  0.24315686917318174
  0.25035438797351883  0.25733998155649929  0.26405352421154465  0.27105855926441602
  0.27823065712454559  0.28501756892524799  0.29215762468944650  0.30169349429081749
  0.31318325681717374  0.32431002727948555  0.33517434538915591  0.34532419208952708
  0.35523939495657691  0.36457803759906476  0.37374038247782465  0.38285558503053663
  0.39285401565060640  0.40401058540170010  0.41544652577298302  0.42703518520366407
  0.43890184564914608  0.45169044424267885  0.46403151962734268  0.47604600748013703
  0.48674468429205547  0.49705752083725091  0.50719147601929992  0.51718832479760801
  0.52783635900044612  0.53812298754832000  0.54880131329978332  0.56064755424035173
  0.57236746245587555  0.58453024224893213  0.59644499766633874  0.60762032503125374
  0.61840643466087386  0.62881892266745432  0.63944697024454755  0.65049914821170485
  0.66195497107092360  0.67412374433315692  0.68667416224275080  0.69904499068830361
  0.71117103863582942  0.72326195418556893  0.73455582344759729  0.74499651516205878
  0.75557753328783206  0.76645788350094912  0.77730496167598240  0.78848063951219649
  0.80057081982947420  0.81286573218705893  0.82400218080792376  0.83471479511064350
  0.84626556909815076  0.85743322608554895  0.86734330362881518  0.87708590252848018
  0.88701560296400228  0.89793281300530869  0.90887723394112130  0.91967711045628586
  0.93004049355172103  0.93987813893533101  0.94908290206419010  0.95800589444365514
  0.96710547193552199  0.97697566744759790  0.98820261756430305  1.00000000000000000
 -0.00036001936298021  0.00419839620157444  0.00480066304989689  0.00520538848980898
  0.00550343283695393  0.00576464068600138  0.00599875398865125  0.00622774777861501
  0.00642611222229618  0.00663036231004681  0.00685772190163530  0.00707940184510418
  0.00729562929917049  0.00751041815642706  0.00772560503738518  0.00794371500221197
  0.00816952641020779  0.00840146257784117  0.00864154466553310  0.00888415424574763
  0.00912969663708857  0.00938071406897985  0.00963891935715021  0.00989958941001924
  0.01016100022133086  0.01048667986690012  0.01081075444181875  0.01113925587038615
  0.01149127744062166  0.01186031526045627  0.01224068687984793  0.01263000311714519
  0.01302285990181782  0.01341060521998830  0.01380059974366292  0.01419902889325996
  0.01461349012503389  0.01503080263197668  0.01547327946322179  0.01593024593030386
  0.01641744749249663  0.01695794120352014  0.01751793179139868  0.01810995901586026
  0.01869336090899174  0.01927860862837397  0.01986472163877933  0.02047339432883442
  0.02113986457849321  0.02184476258286103  0.02261201689260165  0.02340894184825263
  0.02423078846005082  0.02507525487228453  0.02595817883828965  0.02686785362479072
  0.02780249243207019  0.02878028048983217  0.02982167381022029  0.03091650606421558
  0.03204820026518609  0.03319804030356821  0.03436549720106124  0.03556097254427279
  0.03679082820908810  0.03807709057420660  0.03939743761591528  0.04078361547327847
  0.04252778192317845  0.04480049879882668  0.04724026115573105  0.04977648351245240
  0.05251150259258063  0.05544523750151271  0.05857918288759282  0.06189564716261474
  0.06615046762778018  0.07083743002915961  0.07576145306479354  0.08092009261581615
  0.08726538100762118  0.09457529011631430  0.10242191892237874  0.11156186774806055
  0.12199091301498474  0.13412548536460350  0.14840150231966884  0.16518140762586866
  0.18589972078790781  0.21110112935394745  0.24350210948493309  0.28540151799880897
  0.34459044020084040  0.43629495358759357  0.59897137228721731  1.00000000000000000
 -0.00245903069503017  0.00948148164317441  0.01971438792804475  0.02832041073660285
  0.03693617446614348  0.04584061134052561  0.05428809117847643  0.06198410047102491
  0.06981319122417218  0.07794882857641897  0.08710308820900345  0.09699289564269672
  0.10658524765377757  0.11596205093061894  0.12599252437746208  0.13615763722832327
  0.14678754915440620  0.15781705825049980  0.16836742862905749  0.17858704566120617
  0.18925840322998430  0.19968498452908431  0.20931385637848454  0.21888456648997509
  0.22872624394248697  0.23940863949068189  0.24916486658644749  0.25899775604807485
  0.26925235638348582  0.28057721585610468  0.29221620587691322  0.30406646527256354
  0.31512700244102082  0.32523137332063334  0.33515431165275478  0.34559951834514219
  0.35644162347266417  0.36798397041820474  0.37991736701840689  0.39224810699160806
  0.40413280467088492  0.41566973859167594  0.42731643839932365  0.43960212354578460
  0.45143864616692331  0.46371191795803335  0.47578475942699738  0.48674676466074890
  0.49701730586278098  0.50738232566338781  0.51832735934968599  0.52901883508833059
  0.53981275240562632  0.55076831063445131  0.56206212608996486  0.57366555502537098
  0.58585539004832943  0.59874121977050299  0.61184769952963358  0.62504965265263246
  0.63822286497252156  0.65064188920635202  0.66219444359570079  0.67382804941291918
  0.68585756484824423  0.69795787881228444  0.70961108155489827  0.72241328885724720
  0.73509454965636556  0.74776320757059966  0.75996408568141482  0.77248311921338331
  0.78436325346700198  0.79613001981014064  0.80765399106684910  0.81970628935704737
  0.83227974513874636  0.84440037423985592  0.85590852745084944  0.86700932619787918
  0.87644997689919490  0.88328844868658662  0.89007073389914537  0.89668969853551983
  0.90299459260519110  0.90910282674358223  0.91526567307614770  0.92198967960334244
  0.92858573208020179  0.93513603802582412  0.94357613358376258  0.95409791075960071
  0.96543063962141962  0.97676947902790279  0.98807259130024894  1.00000000000000000
   5.1773234707331015E-012  -1.0000000000000000     
 F F F F F F F F F F F F F F F F F F F F F F F F
  <DiscreteSampler_grid>
  grouped_processes
  1 # 1 for a reference and 2 for a running grid.
  10 # Attribute 'min_bin_probing_points' of the grid.
  1 # Attribute 'grid_mode' of the grid. 1=='default',2=='initialization'
  0.0000000000000000 # Attribute 'small_contrib_threshold' of the grid.
  0.5000000000000000 # Attribute 'damping_power' of the grid.
 # binID   n_entries weight   weight_sqr   abs_weight
    10   10   6.020366347881602E+001   2.838555675740018E+004   6.020366347881602E+001
  </DiscreteSampler_grid>
