  0.00002387494645609  0.00002889972687094  0.00003248243977820  0.00003536180972223
  0.00003843223375501  0.00004143733411968  0.00004375174670837  0.00004624744633793
  0.00004926217908709  0.00005274300113243  0.00005654214852240  0.00006081616298986
  0.00006545508775033  0.00007037496648432  0.00007539733993109  0.00008038806411700
  0.00008543704293651  0.00009077177098317  0.00009620865655549  0.00010179704844256
  0.00010748001324862  0.00011338611592645  0.00011963084493325  0.00012611403394924
  0.00013404285024011  0.00014213348624794  0.00015022642686014  0.00015876750268089
  0.00016710042058590  0.00017499654544182  0.00018330643891491  0.00019245287553988
  0.00020227215486726  0.00021261655242707  0.00022317919029395  0.00023336961772113
  0.00024302946339278  0.00025235807402990  0.00026130392155545  0.00027096130626021
  0.00028205546526299  0.00029338729499382  0.00030564495784978  0.00032002347612702
  0.00033568148459006  0.00035552775829614  0.00037643077817026  0.00039726002042201
  0.00041937511349209  0.00044219722402120  0.00046217711109290  0.00048105789901449
  0.00050080247339722  0.00052188639473325  0.00054346753350590  0.00056670196130269
  0.00059118658474496  0.00061883365720596  0.00065366100769888  0.00069529469395349
  0.00074413938260556  0.00079150981699214  0.00084228314626236  0.00089656673367456
  0.00095871918145139  0.00102448234911723  0.00109322125881165  0.00116730678053798
  0.00124761060274036  0.00133294041015972  0.00143781124944980  0.00156098188081892
  0.00169993610737794  0.00186115119928936  0.00203006538811262  0.00221543953693034
  0.00242363395964645  0.00266974165468126  0.00298677257046058  0.00336759584643583
  0.00382933212606981  0.00438502018475248  0.00505661020167798  0.00589610131891142
  0.00699317836529565  0.00835099243056455  0.01012685739513815  0.01262231669611378
  0.01598266195832999  0.02052192911534111  0.02745648809126065  0.03876856528470946
  0.05742579603568908  0.09263605760035472  0.19574466780450775  1.00000000000000000
  0.00000138451203207  0.00000242641699259  0.00000412490468346  0.00000616241726820
  0.00000841974416717  0.00001115676272584  0.00001380736146059  0.00001661212058150
  0.00001986848467587  0.00002325815093224  0.00002690805560756  0.00003083802362222
  0.00003477440572843  0.00003849093975190  0.00004232549807886  0.00004626712213308
  0.00005057396491911  0.00005544713161819  0.00006062726371092  0.00006621902358511
  0.00007194417890096  0.00007788944929634  0.00008373624753283  0.00008975143754211
  0.00009619580698398  0.00010299526434804  0.00011028747981388  0.00011771363185158
  0.00012607230239117  0.00013543144186995  0.00014486781313258  0.00015443099409057
  0.00016468370690432  0.00017621212238136  0.00018877723196708  0.00020177861108306
  0.00021569026015943  0.00023104562871167  0.00024741145377925  0.00026376361080900
  0.00027995446858122  0.00029759206427596  0.00031624378210309  0.00033742832974312
  0.00036109562370634  0.00038548586107898  0.00041024057901646  0.00043669432109036
  0.00046590537365637  0.00049896795265672  0.00053640238892091  0.00057624338442681
  0.00061876121577315  0.00066344640462654  0.00071155268736009  0.00076300539461544
  0.00081772058675802  0.00087612598261060  0.00093961650979879  0.00101157002340971
  0.00109318389567383  0.00118635294740816  0.00129171330348685  0.00139938097975877
  0.00150568958325151  0.00162268503260458  0.00174786318886497  0.00190484277405020
  0.00209581899667514  0.00229951140540397  0.00251104094025048  0.00273881348601407
  0.00300875577133902  0.00333426164211709  0.00371470605080362  0.00415264339945794
  0.00468097086323489  0.00530516338764741  0.00601111232230921  0.00677764132342017
  0.00763119277446636  0.00870775818041530  0.01004976584312405  0.01167800726317860
  0.01364047175171035  0.01606858359591302  0.01913816091346676  0.02327289673141486
  0.02865323197002988  0.03671758199971910  0.04892351623601491  0.06862777429566634
  0.10782871547232478  0.19665241776734388  0.81903527124717812  1.00000000000000000
 -0.00264844162414194  0.01034389018979086  0.02126057619338659  0.03401487689740079
  0.04496630601011210  0.05389948674550004  0.06278709253392843  0.07201887580189505
  0.08104302040880090  0.08989699396788559  0.09817857758065834  0.10714753560299876
  0.11872497459868755  0.12945795971752921  0.13873703776658527  0.14823190310218931
  0.15844804026767759  0.16895874579337233  0.17941448366226553  0.19001342149281719
  0.20216932980021426  0.21431471616511527  0.22565346899528291  0.23644410385906453
  0.24686884709460022  0.25801618396079562  0.26860198611816849  0.27869883214284225
  0.28885055803965337  0.29937977656533921  0.31053351680965924  0.32070917575785968
  0.33015380283359103  0.33940875880547161  0.34890918133240839  0.35940666933459625
  0.37069107637195342  0.38257561086782749  0.39473012131429613  0.40751886877001120
  0.42085435087367190  0.43410677330127795  0.44670139834857231  0.45851245257682327
  0.46958265782202813  0.48023980204836020  0.49090830290012000  0.50197667540177293
  0.51350816804871902  0.52583674345821940  0.53865193077793450  0.55051448152468152
  0.56134628832203803  0.57205080415505583  0.58261294062237612  0.59296406081114361
  0.60340722692299109  0.61426243363612631  0.62545671579605477  0.63679768471768605
  0.64796454843343665  0.65907809740004364  0.67000264297630796  0.68085291661832725
  0.69131062369527108  0.70127063521165189  0.71126774258100023  0.72145530263556523
  0.73112281783959565  0.74003239323603187  0.74909453247784685  0.75897605599056039
  0.76938713206794440  0.77942958792643502  0.78923038003963308  0.79864250434533890
  0.80756478842857016  0.81622452894742337  0.82464033663925485  0.83311682873682524
  0.84226235874195288  0.85055923926068278  0.86048570015979364  0.87168954121768361
  0.88367634809441165  0.89565159344731304  0.90634048390471078  0.91674646990089270
  0.92735950234052822  0.93789744263513353  0.94795513528209174  0.95776848530410830
  0.96780455733323600  0.97840186408042451  0.98881406266262351  1.00000000000000000
 -0.00049181099780677  0.00419851946551999  0.00458026707233626  0.00485752580353201
  0.00510431696637274  0.00530331825948129  0.00550417201753435  0.00570810208319819
  0.00590725172683130  0.00610426210783349  0.00630172819048069  0.00649978956210981
  0.00669853987914047  0.00690207277919653  0.00711460028844060  0.00734709507212689
  0.00757915375466376  0.00781097463982831  0.00806478851847779  0.00832411446817587
  0.00859235091034321  0.00886777657475107  0.00914949235910768  0.00944613368479165
  0.00974867528363922  0.01005821767837870  0.01038550583912434  0.01072128768373699
  0.01106357058373669  0.01141262715418111  0.01177136652239322  0.01214082651983468
  0.01251592548217840  0.01289773432113591  0.01329718962087890  0.01370573996724559
  0.01413212490095101  0.01457062841255530  0.01502098121932995  0.01548923717305682
  0.01596933928680044  0.01647398027501282  0.01698717915036375  0.01751194625955848
  0.01805634606045604  0.01861966179159273  0.01919726300890439  0.01979493169302889
  0.02041906738911431  0.02109198620921983  0.02188155336451175  0.02267902647743595
  0.02349592133427581  0.02433836296190172  0.02520738726453286  0.02610917735686467
  0.02703778299495455  0.02799161144567740  0.02900340275206427  0.03006564440396358
  0.03116756629320121  0.03230017206704913  0.03345821370458051  0.03465262642397626
  0.03589142716580912  0.03716968528207975  0.03848944636788096  0.03985384668294541
  0.04128945855327819  0.04328891042912469  0.04569348334256897  0.04820943170028099
  0.05085509791580164  0.05364979651401935  0.05658268898216701  0.05968452579440449
  0.06317343724627968  0.06746356958982112  0.07221979706501508  0.07729540612309055
  0.08284580262755437  0.08963586704177937  0.09739622646361436  0.10611049525993681
  0.11660367900804414  0.12863754778936548  0.14297331282913928  0.16004585679314448
  0.18095657509842944  0.20619051579599451  0.23832214266271773  0.28034296648392037
  0.33927361668804418  0.43138859209988151  0.59873795588768441  1.00000000000000000
 -0.00218067952212246  0.00838433576770583  0.01795675908174612  0.02777807812928659
  0.03770946160147639  0.04716291108386880  0.05627025785380590  0.06588669382037662
  0.07621709333376792  0.08589406647962632  0.09469990949877437  0.10346013481192838
  0.11243074017037449  0.12161050855982569  0.13112026022335066  0.14071017954954576
  0.15202327807170551  0.16388576313111997  0.17520158990280629  0.18626226084203693
  0.19733712278325322  0.20823280337048619  0.21902513146792332  0.22900400287159250
  0.23823065347460018  0.24715203427900462  0.25619250261751814  0.26491763808365310
  0.27293051775861771  0.28068846009476006  0.28880306672800782  0.29819263080044067
  0.30832065246772972  0.31833319925701453  0.32786104514540249  0.33724378415650591
  0.34658155420409142  0.35617946487774915  0.36662784779987279  0.37800848621733801
  0.39012262758755573  0.40186715792105565  0.41308456718594849  0.42380913335731485
  0.43494871622731618  0.44660933707715600  0.45916019658567714  0.47225685481148716
  0.48466911421354653  0.49684197717731310  0.50907087368418513  0.52175892738547758
  0.53377199213613202  0.54714007541280829  0.56122266765099216  0.57497771099775208
  0.58831860071066389  0.60149438916189446  0.61440789676906316  0.62743247538605851
  0.64089115093649662  0.65421595077833339  0.66712152161317351  0.67990618959978588
  0.69195299588012193  0.70344594979049313  0.71483064237441452  0.72593560575936578
  0.73663435053118798  0.74699347719895659  0.75738801972729819  0.76796557576720526
  0.77872717888961651  0.78952081839469090  0.79987151179472715  0.80966547092546859
  0.81979271226520356  0.83038405185887210  0.84133722818982659  0.85276624480503704
  0.86320369372486083  0.87320817614705004  0.88306256956372542  0.89297797853467975
  0.90152212425428391  0.90933978338572319  0.91721673489483502  0.92532049955660989
  0.93337547521891184  0.94144619048654554  0.94927840984940948  0.95718037742243367
  0.96660458024205709  0.97773772610334242  0.98880852686381671  1.00000000000000000
   5.2399044634064176E-012  -1.0000000000000000     
 F F F F F F F F F F F F F F F F F F F F F F F F
  <DiscreteSampler_grid>
  grouped_processes
  1 # 1 for a reference and 2 for a running grid.
  10 # Attribute 'min_bin_probing_points' of the grid.
  1 # Attribute 'grid_mode' of the grid. 1=='default',2=='initialization'
  0.0000000000000000 # Attribute 'small_contrib_threshold' of the grid.
  0.5000000000000000 # Attribute 'damping_power' of the grid.
 # binID   n_entries weight   weight_sqr   abs_weight
    10   10   6.259744315180857E-001   2.033531571978378E+000   6.259744315180857E-001
  </DiscreteSampler_grid>
