  0.00278099142508252  0.00296574041277695  0.00309363952927882  0.00321810186115981
  0.00334748797795329  0.00348149404680370  0.00361943471796908  0.00376131921581488
  0.00390912024069018  0.00406337694753057  0.00422223545538670  0.00438585318188167
  0.00455586461120447  0.00473224600966997  0.00491447771532400  0.00510375235996782
  0.00530305238101287  0.00550974010494502  0.00572393970325852  0.00594972410660763
  0.00618594592538782  0.00643088346661953  0.00668489366246133  0.00694943080966397
  0.00722535359543833  0.00751211782904966  0.00780898640709268  0.00811842631052246
  0.00844260346384549  0.00877723013288493  0.00912869517868153  0.00949698509093922
  0.00988066038213061  0.01028037506360227  0.01069873871596762  0.01113620897673396
  0.01159027517292357  0.01206324677219248  0.01256166452706388  0.01308377362217561
  0.01362677916721220  0.01419645740526481  0.01479698857503638  0.01542615165356815
  0.01608107925010057  0.01676744479672663  0.01749064274044921  0.01824271350143203
  0.01902757412761172  0.01985946719493730  0.02073955072337437  0.02166039975956245
  0.02262462518801771  0.02364540468553633  0.02472192535666588  0.02584938049694778
  0.02704101623250700  0.02830511886514527  0.02963965757341841  0.03104842577172715
  0.03254300639754490  0.03413964194255430  0.03583927945438865  0.03763911834296343
  0.03954804587270126  0.04159890820184167  0.04381185978553381  0.04618253821348943
  0.04872772004161553  0.05147842017552599  0.05447362417461663  0.05771216294273707
  0.06119778554429248  0.06497387879087850  0.06908216545133360  0.07359649791768849
  0.07857516621928366  0.08403854410226684  0.09002698932184520  0.09657864029748721
  0.10388442323953784  0.11213144644990644  0.12145075512157941  0.13204527920039946
  0.14419369185293365  0.15879248487508818  0.17640342065399048  0.19666532966098974
  0.21969245790470746  0.24818702616999491  0.28630240861784367  0.33718731732761698
  0.40414322188143204  0.52839953420235897  0.81967212546480883  1.00000000000000000
 -0.00246258672024304  0.00935681376878280  0.01941925296376569  0.02984508773565247
  0.04020742637426449  0.05077716036440910  0.06132409456332154  0.07188940768052958
  0.08237476098776603  0.09297436333916431  0.10358495494285648  0.11413969999019744
  0.12468877639375625  0.13523749695113005  0.14575129998211236  0.15618218418857802
  0.16656353233899532  0.17697642864784885  0.18748114262477544  0.19797243868616812
  0.20841683091304442  0.21883394985071489  0.22927256755237646  0.23974187973582553
  0.25025648976208958  0.26076920357817385  0.27124396439477855  0.28173713841090808
  0.29226144604181553  0.30291366276858867  0.31349848108019823  0.32401385993219278
  0.33455516286068854  0.34511961264424479  0.35573079946630798  0.36625339780333421
  0.37677327059322163  0.38727771623104912  0.39778254472353602  0.40826230011946990
  0.41878405235818789  0.42943814348284531  0.44010898496380840  0.45077807602898090
  0.46132449014635979  0.47186874629292608  0.48244933184946120  0.49294443600796961
  0.50346762943654655  0.51400306080650615  0.52457640484810186  0.53510428285903078
  0.54561755827964586  0.55622030630762243  0.56684672436669015  0.57740222222115389
  0.58794651165630851  0.59847652797762074  0.60905317118729574  0.61952399561264437
  0.63003521892175840  0.64054068587775326  0.65113244940875914  0.66178905725875792
  0.67241324228466759  0.68308515776977019  0.69364849563573927  0.70424702749366985
  0.71480917440583891  0.72535473986219168  0.73589425286568422  0.74650374545449183
  0.75713365430840540  0.76776224384640568  0.77838139134355855  0.78897359836815373
  0.79956466644143809  0.81022617482736570  0.82088058032123978  0.83153089850257034
  0.84190870378634308  0.85240047637037897  0.86292926641767542  0.87351514156767784
  0.88402560607034975  0.89455569113109190  0.90509329191718502  0.91565889369215281
  0.92613147322014466  0.93674579915923983  0.94738786136979580  0.95805080110214313
  0.96849214648598747  0.97899444130050017  0.98947346591706786  1.00000000000000000
  0.12197215349316179  0.12578162382845653  0.13341530352643782  0.14170174844559444
  0.14973583494189027  0.15782210621664378  0.16590801656945983  0.17404612323152369
  0.18221826676004799  0.19043179864307197  0.19868532157709987  0.20692944974553551
  0.21523058949310023  0.22354380041832636  0.23190051338413062  0.24030434111071311
  0.24874042392562881  0.25721507705130858  0.26570978297539632  0.27423914386942183
  0.28281077876348143  0.29141045426941337  0.30002902403987564  0.30865890068448992
  0.31731027757077973  0.32598628844512695  0.33470149752650408  0.34347738101809133
  0.35231047720675895  0.36118228309158229  0.37008304709736189  0.37896956650954400
  0.38787860752917208  0.39679708661808039  0.40576317334935297  0.41472587152798007
  0.42366471178688248  0.43257594672293703  0.44155233232309737  0.45057660730049248
  0.45966046425529783  0.46876181644796922  0.47788106097536676  0.48699680342017548
  0.49609143734732952  0.50518971667042656  0.51433207888871435  0.52352065236829082
  0.53273494189384507  0.54195352696697996  0.55119525129010838  0.56042624309506284
  0.56966855773576097  0.57894289188740611  0.58823201307542150  0.59756211605014686
  0.60685464915497433  0.61611257319876933  0.62540134548183457  0.63479351178262977
  0.64422321428586538  0.65364298986985503  0.66303896280985664  0.67245249978291577
  0.68195024113351987  0.69149110055887097  0.70101151332442091  0.71049014169880875
  0.71993182245662957  0.72938809486102518  0.73890172473523230  0.74845972135274841
  0.75807134556647471  0.76774369252956309  0.77751007390770688  0.78735982619092226
  0.79730282685303566  0.80732295089604378  0.81734605401148541  0.82731389720849979
  0.83727296331365419  0.84732036845340009  0.85747275924811184  0.86764835975635424
  0.87794946219403991  0.88845793303052734  0.89924650819827323  0.91035737621100910
  0.92159100588868326  0.93266716237778258  0.94273246259390830  0.95170541428890598
  0.96060966694207883  0.97038084838125049  0.98302385079945953  1.00000000000000000
   1.7012959581633575E-003  -1.0000000000000000     
 F F F F F F F F F F F F F F F F
  <DiscreteSampler_grid>
  grouped_processes
  1 # 1 for a reference and 2 for a running grid.
  10 # Attribute 'min_bin_probing_points' of the grid.
  1 # Attribute 'grid_mode' of the grid. 1=='default',2=='initialization'
  0.0000000000000000 # Attribute 'small_contrib_threshold' of the grid.
  0.5000000000000000 # Attribute 'damping_power' of the grid.
 # binID   n_entries weight   weight_sqr   abs_weight
    10   10   1.015923098913726E+011   3.437013148775268E+022   1.015923098913726E+011
  </DiscreteSampler_grid>
