  0.00005473084325651  0.00005712623128456  0.00005890521793880  0.00006086593756120
  0.00006281746242212  0.00006469464857229  0.00006767979821671  0.00007100420482344
  0.00007438517874952  0.00007776555332023  0.00008120181178882  0.00008477429406135
  0.00008826033471736  0.00009196826861246  0.00009619553648706  0.00010113985710900
  0.00010655759228121  0.00011183313216627  0.00011694080110755  0.00012190897729546
  0.00012693795444678  0.00013230104204829  0.00013793588221717  0.00014390850608904
  0.00015159914177519  0.00015965308712717  0.00016747044239994  0.00017581779888740
  0.00018502935961611  0.00019060725978594  0.00019777451065196  0.00020571940395984
  0.00021356601261894  0.00022141487192141  0.00022938105360665  0.00023764681743978
  0.00024637140225424  0.00025633849390208  0.00026880305306853  0.00027965818549052
  0.00028971412819023  0.00030018518808459  0.00031227966400067  0.00032539453277400
  0.00033873088800180  0.00035221821079099  0.00036614875962785  0.00038190401916779
  0.00039983674817215  0.00041774403015220  0.00043705042830716  0.00045812506063670
  0.00048147806246708  0.00050681547114681  0.00053436183390728  0.00056368589834309
  0.00059600799214832  0.00063098488846299  0.00067089560813346  0.00071544774419332
  0.00076134273317048  0.00080608378672638  0.00085199065985819  0.00090074467879023
  0.00095210191022720  0.00100716506498825  0.00107680969848895  0.00115765433404589
  0.00124300074788849  0.00133462443919197  0.00143891159217879  0.00156321612836272
  0.00170525888537726  0.00188775001817893  0.00207165640064579  0.00227692106899661
  0.00251880159334699  0.00282473140725434  0.00319529779762388  0.00358022600187828
  0.00401846395588923  0.00457916021740784  0.00536989576512638  0.00630199590825255
  0.00740548361786108  0.00880329090721426  0.01064609101281350  0.01313908517224424
  0.01641624730261984  0.02097705925701901  0.02810091528337577  0.03981444234535472
  0.05981007006773177  0.09856179037283072  0.20210313025690421  1.00000000000000000
  0.00000140995365017  0.00000255749418519  0.00000374885670684  0.00000598671892296
  0.00000829903616881  0.00001066630622599  0.00001312719156034  0.00001561555737677
  0.00001817723366169  0.00002077309053537  0.00002342825048514  0.00002619471578393
  0.00002901559831827  0.00003216654529967  0.00003538746240825  0.00003891528085083
  0.00004267678895456  0.00004663014548636  0.00005089304909534  0.00005530244484894
  0.00005988561720883  0.00006474880631551  0.00007132062656687  0.00007895284911138
  0.00008714870731135  0.00009549218778917  0.00010360308193333  0.00011188269714991
  0.00012053321541672  0.00012869921036014  0.00013746093024092  0.00014638198354097
  0.00015542210044319  0.00016563676399088  0.00017756777964130  0.00019136383396219
  0.00020687312540959  0.00022366706900726  0.00024089977749957  0.00025935403129131
  0.00027922037728698  0.00030135917295846  0.00032509054800142  0.00034721299955152
  0.00036813963793527  0.00038995560697413  0.00041334727934789  0.00043730627001562
  0.00046916538338545  0.00050720102946274  0.00054707066124846  0.00058936389211612
  0.00063014379078295  0.00066941392286913  0.00071063040996227  0.00075397028264214
  0.00080210055634812  0.00085473002928235  0.00091894443762564  0.00100081995800334
  0.00109308062276161  0.00119039952132982  0.00129323546284612  0.00140348579055355
  0.00152702360333717  0.00166806563770367  0.00181984170329880  0.00198453928719650
  0.00216915772477749  0.00237623173607648  0.00260535110398298  0.00285830629051896
  0.00315271342696883  0.00348448327321852  0.00385144149338689  0.00426793959076035
  0.00474316865446710  0.00528545528339740  0.00593341352418635  0.00671088579479778
  0.00764139634006225  0.00877877073081351  0.01014737657195870  0.01172785220498837
  0.01361033165086926  0.01599151357689003  0.01919650953321433  0.02339123962428069
  0.02901532708208257  0.03672407950012703  0.04875520996491444  0.06828459912650107
  0.10714448207654355  0.18961312145937520  0.84948509817395268  1.00000000000000000
 -0.00323697953723940  0.01156833864737896  0.02402933036723173  0.03641567754075602
  0.04888420761924990  0.06085914407267883  0.07278638792289287  0.08448858742028302
  0.09624657880560190  0.10796897216418390  0.11915747620009876  0.13025197596441312
  0.14135707109880227  0.15232731729208607  0.16341722491802066  0.17500092405766637
  0.18617664693255878  0.19562839480752528  0.20453069297214135  0.21350150965245424
  0.22224645112449390  0.23090074871336430  0.23933694585804535  0.24704781617559812
  0.25700905005800678  0.26822624625211672  0.27886396982892353  0.28927143087537022
  0.30036848735867372  0.31207727973600413  0.32312744764355261  0.33487641319755518
  0.34732946731930620  0.35893148866394675  0.36986075674416752  0.38053569170430751
  0.39101864497819538  0.40162010809264981  0.41258281870057101  0.42381559707624611
  0.43540720040518838  0.44736589656976944  0.45926781085010820  0.47058185593324275
  0.48170583822670954  0.49243453841329327  0.50258384429090530  0.51264264162510875
  0.52263657057957302  0.53472530093426540  0.54631523105721247  0.55816523340185953
  0.56985094806835990  0.58103087297175382  0.59213881563712123  0.60320372637784203
  0.61426271337912675  0.62489359940133526  0.63526477077798238  0.64543783013913669
  0.65575260041361716  0.66602553028905320  0.67646950487893132  0.68689208724253747
  0.69823477425779146  0.70923729252635737  0.71837214236063851  0.72740696822118489
  0.73638651580519054  0.74543069253454941  0.75380209583275437  0.76177257452129932
  0.76954593701440377  0.77815098299709995  0.78736254480182011  0.79617297665148223
  0.80477847725301976  0.81390195710066793  0.82365177331762152  0.83353511129092828
  0.84390612535048992  0.85410247673353612  0.86307927772328208  0.87186914886167466
  0.88100880067799980  0.89043534744809361  0.89975418992542766  0.90849773717648763
  0.91777849500838637  0.92916719104931622  0.94154802683697159  0.95370862284552071
  0.96544651972031770  0.97712790443728947  0.98889600812353273  1.00000000000000000
 -0.00016913635702285  0.00389201465122435  0.00448485739755211  0.00485909817557133
  0.00516540723794409  0.00541444672342026  0.00565862583834781  0.00589938389584819
  0.00610979947828071  0.00631871481682322  0.00652571059230479  0.00673602081618736
  0.00695065701231791  0.00717446490728328  0.00740483755258632  0.00763798842241291
  0.00787258839602236  0.00812426990729045  0.00838220100570232  0.00864149717247089
  0.00891746161737202  0.00920321391536125  0.00949915982252749  0.00980825733289742
  0.01012954724501339  0.01046244356858340  0.01079941586547648  0.01114207657698026
  0.01148833011396111  0.01183970732154439  0.01222352997216069  0.01261117969867416
  0.01300653178376617  0.01341131261884947  0.01382494021574713  0.01427537540283154
  0.01473639240987438  0.01520752635482463  0.01568969156469104  0.01618335194034533
  0.01668344203126526  0.01719828208384006  0.01772658718870330  0.01827164721856717
  0.01883682458156557  0.01942037230176272  0.02001368346660774  0.02061491602697626
  0.02131826612230491  0.02205072663246954  0.02281380093591177  0.02360997651531841
  0.02442992114745527  0.02526893724517485  0.02614263648949443  0.02706236063859522
  0.02801469505284726  0.02899684361033225  0.03000483723836113  0.03104214331241881
  0.03212601163339140  0.03324597084677948  0.03440363865086427  0.03559335183018884
  0.03681230383790680  0.03808477069118947  0.03941936209097716  0.04079609766691217
  0.04229205041226286  0.04461709915016651  0.04686656311673879  0.04926898908668555
  0.05180472524110923  0.05448396302341919  0.05733236094689705  0.06033059524662344
  0.06384164915313138  0.06838276921657180  0.07317683354182368  0.07834722456592923
  0.08418202230648017  0.09129121414796176  0.09925341493217660  0.10827249562952342
  0.11867899938459352  0.13090833297606244  0.14556686290975215  0.16267805723707787
  0.18396207342905879  0.20941047179326158  0.24171028701678979  0.28452168379817766
  0.34315922770046692  0.43656280416551152  0.59879552525635138  1.00000000000000000
 -0.00291744473810143  0.00905725430332450  0.02022682181264554  0.03152163284300780
  0.04276164031192572  0.05359685945748845  0.06401561193750130  0.07399074575434182
  0.08337565085042364  0.09284822792193831  0.10235390717980015  0.11229133640727118
  0.12255385438411801  0.13316647895071260  0.14405552653651177  0.15496156482960088
  0.16548808833881604  0.17414151612448067  0.18239431430553510  0.19106783462945276
  0.20011704719583923  0.20907387411571624  0.21718029883501699  0.22513156440898760
  0.23407657205998272  0.24405688359676780  0.25354680382003836  0.26265993869166160
  0.27187007885378278  0.28150421844277335  0.29174311926636165  0.30249292254279558
  0.31263411135680991  0.32123531845639935  0.32969113573637260  0.33904160385727466
  0.34837274430365056  0.35800223181077634  0.36728666488676326  0.37756377589196050
  0.38967592149436636  0.40202597728547268  0.41371055536734830  0.42540330427061829
  0.43727024384529628  0.44970319398153341  0.46258987882153357  0.47635264606868366
  0.49004761877970582  0.50374068778955583  0.51728871182020164  0.53089130766320525
  0.54402743702973522  0.55676211591278757  0.56974220567309208  0.58251695814675564
  0.59497977433261329  0.60730002516310344  0.62022752746031173  0.63406827598357940
  0.64800226350524603  0.66143270227343787  0.67363907079717855  0.68513967242272478
  0.69651848596379307  0.70820442024941221  0.71887516778269012  0.72857700256909053
  0.73706807184096734  0.74533776427056897  0.75377123949073588  0.76185638010419388
  0.76964010386324389  0.77774816491744025  0.78583262952241983  0.79479146278011714
  0.80584767508718713  0.81717689626721712  0.82888567268152824  0.84056383923035427
  0.85185782602891069  0.86284634383802261  0.87376629742454293  0.88488280988437262
  0.89571157063026230  0.90532953817980899  0.91388339517069239  0.92219347687676001
  0.93052534208658033  0.93873600675306490  0.94683796338186310  0.95530980576822588
  0.96493458288021805  0.97657693814773072  0.98814108115576416  1.00000000000000000
   4.9645399816002681E-012  -1.0000000000000000     
 F F F F F F F F F F F F F F F F F F F F F F F F
  <DiscreteSampler_grid>
  grouped_processes
  1 # 1 for a reference and 2 for a running grid.
  10 # Attribute 'min_bin_probing_points' of the grid.
  1 # Attribute 'grid_mode' of the grid. 1=='default',2=='initialization'
  0.0000000000000000 # Attribute 'small_contrib_threshold' of the grid.
  0.5000000000000000 # Attribute 'damping_power' of the grid.
 # binID   n_entries weight   weight_sqr   abs_weight
    10   10   1.291293689165142E+000   1.574089121627497E+001   1.291293689165142E+000
  </DiscreteSampler_grid>
