  0.00004089649782421  0.00004437647629990  0.00004705949383725  0.00004969618539503
  0.00005227841738155  0.00005478535476686  0.00005728430845271  0.00005986308524271
  0.00006249890773547  0.00006566699224939  0.00006937027077840  0.00007339561307655
  0.00007752930840585  0.00008149310529790  0.00008549410268524  0.00008954729514910
  0.00009389193077029  0.00009847779795386  0.00010331930895137  0.00010832501470348
  0.00011335689803272  0.00011834977404272  0.00012459455928072  0.00013154401291812
  0.00013855453326786  0.00014579732230517  0.00015378244502178  0.00016188215096171
  0.00017111228368952  0.00018123002366951  0.00019075218916224  0.00020028081189604
  0.00021059259138886  0.00022192610336313  0.00023406529503427  0.00024587945030255
  0.00025756500000202  0.00026933440532722  0.00028112718350600  0.00029299898555201
  0.00030572108220789  0.00031890580018199  0.00033296092058880  0.00034728448880478
  0.00036201858189290  0.00037872913911591  0.00039620277490736  0.00041377026142348
  0.00043101911353326  0.00045033986429731  0.00047204655602474  0.00049575630046832
  0.00052169166872074  0.00055042832279244  0.00058320937055899  0.00061919748157722
  0.00065681761466824  0.00069768653294174  0.00074347421348055  0.00079497506669723
  0.00084510137386415  0.00089673544581350  0.00095153535263250  0.00101171995653171
  0.00107859635593624  0.00114897974427480  0.00122744944345212  0.00131354475138488
  0.00141551869892201  0.00153565494229789  0.00168345013321823  0.00183204817439776
  0.00200019422265585  0.00218387699363933  0.00239871192355443  0.00263899239556098
  0.00290390601493327  0.00320842036584075  0.00359250362209976  0.00406404654012504
  0.00458784627142700  0.00518490826695992  0.00592852500701742  0.00681435777275056
  0.00790995416369795  0.00925491117374639  0.01099983390540608  0.01352625185651396
  0.01722849580925866  0.02223822045968411  0.02962555363822891  0.04160318116788557
  0.06186774516290836  0.09814345306158424  0.20431945157656453  1.00000000000000000
  0.00000357086789064  0.00000799624229421  0.00001107845507426  0.00001345918123702
  0.00001603264023662  0.00001877655208717  0.00002179564324408  0.00002490093018733
  0.00002819703078642  0.00003189560339218  0.00003549846509867  0.00003970040386444
  0.00004448974148321  0.00004965699475092  0.00005530608820608  0.00006116995954920
  0.00006767644291286  0.00007558867810603  0.00008409132302680  0.00009315298118179
  0.00010296153531987  0.00011349621072070  0.00012438128926762  0.00013542305910176
  0.00014628317310366  0.00015721626500602  0.00016852042701650  0.00018026757227629
  0.00019266910703905  0.00020593036411508  0.00021964712904817  0.00023319689637826
  0.00024705884793678  0.00026224566721926  0.00027853892026359  0.00029467796817221
  0.00031313670792960  0.00033497048183874  0.00035926580731181  0.00038321483237503
  0.00040593993278615  0.00042904713972318  0.00045258262527631  0.00047621431559476
  0.00050014890741945  0.00052855570609506  0.00055967580011466  0.00059240259671171
  0.00062861099706522  0.00066921713710900  0.00071051781310015  0.00075842352669713
  0.00081528970060827  0.00087764072578736  0.00094462718793705  0.00101717650990879
  0.00109877703030484  0.00119202574867997  0.00129230543801337  0.00139365799731703
  0.00149511470335517  0.00160187480364026  0.00172428283616525  0.00186405893434736
  0.00201928552682260  0.00217893210359477  0.00234314267333162  0.00251687001061986
  0.00271182792716944  0.00293346750471369  0.00317682900440338  0.00344090393098221
  0.00375119490741098  0.00411914937825535  0.00455253632765256  0.00502946697756532
  0.00559719914606269  0.00617233818100148  0.00682757762910419  0.00762233778802628
  0.00862500061687169  0.00983881091654966  0.01129195234918962  0.01295423526046582
  0.01495618461291683  0.01762399522764038  0.02125391579804715  0.02582510244414156
  0.03182030683003210  0.04030510905150553  0.05284922233429559  0.07338796190390248
  0.11115145221934802  0.21021282099546779  0.83095886483349857  1.00000000000000000
 -0.00236227348954439  0.00973380340702337  0.01948146883254377  0.02960293766713996
  0.03996948950712220  0.05102192511428823  0.06252437859840575  0.07213187325051926
  0.08157367272787039  0.08994226353988270  0.09781638751266655  0.10587391738170757
  0.11454453045025358  0.12371668843750203  0.13414072545134287  0.14466361940624212
  0.15600252197814898  0.16730297620289034  0.17789787861475911  0.18823048713189183
  0.19865245074338153  0.20874453245656152  0.21823431227886392  0.22769186404248412
  0.23734062131949032  0.24722406581713302  0.25722019670353619  0.26691152756206055
  0.27677041519613788  0.28689798220640178  0.29784611309635667  0.30950635685956118
  0.32120611676398042  0.33308760261064646  0.34500709289936243  0.35673247780445511
  0.36557677442934450  0.37492384255580935  0.38450529832978719  0.39505184721369713
  0.40610918947187979  0.41653605481298733  0.42700905310643583  0.43765730279474774
  0.44852009144185534  0.46043906675482599  0.47300654160061451  0.48487338399979052
  0.49620544259059529  0.50723559476554103  0.51871297148337159  0.52996518768922329
  0.54120260845549661  0.55169686606548773  0.56228481678204956  0.57251713999806630
  0.58284871577657393  0.59303819363052857  0.60286859385976876  0.61341990038651928
  0.62407424007222589  0.63715145974273690  0.64936910406130377  0.66216002432081167
  0.67233265727979608  0.68254868648253764  0.69314995291909753  0.70350635003126039
  0.71370843034393550  0.72382225824251178  0.73379320925994096  0.74376171767377075
  0.75380125456244484  0.76492877734140730  0.77700066709499738  0.78889306606231224
  0.80011819079098323  0.81072357490787639  0.82075709333115210  0.83037270699959587
  0.83986141111740853  0.85021066230460807  0.86117926517431265  0.87260737853413362
  0.88425319248665890  0.89600451981515161  0.90713032210872402  0.91834243166426777
  0.92995165869078722  0.94164237530932215  0.95167207608629512  0.96226049679064996
  0.97246071273705337  0.98235554111261947  0.99106921401602110  1.00000000000000000
 -0.00045239560671348  0.00376831236870951  0.00421071260839027  0.00455821491872471
  0.00482255939531852  0.00505077898257511  0.00528228239422491  0.00551288105747677
  0.00572598159338835  0.00594118741185149  0.00616324121132158  0.00638350582945240
  0.00660241094503953  0.00682609656272963  0.00705238351417072  0.00728882062611256
  0.00752551916333928  0.00776253008318272  0.00801468812269408  0.00827372490294309
  0.00854555903890542  0.00882151350329783  0.00910140552514813  0.00939780281208604
  0.00969312887953894  0.00998857565905946  0.01030249330585293  0.01062892737408160
  0.01096543987193590  0.01130962132386746  0.01167320353424633  0.01204513100659368
  0.01242561151859146  0.01283707733515945  0.01325993934960980  0.01369936272897786
  0.01415598265347196  0.01462591027758008  0.01511325761131721  0.01560643061984421
  0.01611810258809473  0.01665376043538401  0.01719700058900244  0.01776352880193289
  0.01834927506991771  0.01895893465312644  0.01958527484288262  0.02022993245034196
  0.02091706946308256  0.02166858244418242  0.02246095275400315  0.02328608388659383
  0.02414185569058704  0.02504521928964962  0.02598063767031683  0.02694043572032338
  0.02794363374415757  0.02899819418746275  0.03010111503805632  0.03125612555891170
  0.03245472301251682  0.03367121273960928  0.03491654296137612  0.03621247978920165
  0.03758832179072882  0.03905414333636888  0.04056243556481617  0.04228287863311807
  0.04438515890883099  0.04666732829693485  0.04907159105078809  0.05162762111112999
  0.05431612158046004  0.05717389099205662  0.06016340965181444  0.06364168313213804
  0.06790777783875053  0.07244264347118173  0.07732796310861739  0.08257321979948049
  0.08888306020834118  0.09594515026981809  0.10377904558768604  0.11314532192782539
  0.12378751895632059  0.13630525804529375  0.15067691514661144  0.16768625661280256
  0.18842924794967839  0.21364825698650516  0.24581701722976754  0.28747216466508946
  0.34562678702406641  0.43731736171970725  0.59925993772038377  1.00000000000000000
 -0.00236956036432342  0.00866027747297054  0.01784071065275791  0.02701347496012134
  0.03584748139945345  0.04424144154059299  0.05339172712915616  0.06244645059298057
  0.07152036867197195  0.08048508131100887  0.08934634048275292  0.09838625604450973
  0.10768216419226199  0.11712835294511292  0.12684859444121399  0.13699511373654191
  0.14676474436835071  0.15723409218738454  0.16775560967621181  0.17802305678511746
  0.18809671986408152  0.19797145242312209  0.20813779401506130  0.21846628594538681
  0.22868005563229377  0.23943001065069919  0.25037260552679175  0.26149702192807339
  0.27235020719952924  0.28247595847883400  0.29282869831090169  0.30325363602760985
  0.31377223654692149  0.32416951004838201  0.33545744019655549  0.34776322575831548
  0.35946480912072959  0.37048997228486141  0.38194378116044170  0.39355791771355064
  0.40444551559630121  0.41502597929566304  0.42636109605978756  0.43763317900025589
  0.44910167292845626  0.46130201348411803  0.47493986940331906  0.48825672379051410
  0.50213612211437009  0.51597568216743994  0.52930063327332433  0.54173248314118083
  0.55366087852052226  0.56535172998583338  0.57477017932885643  0.58441347867451809
  0.59425656679884642  0.60539419047799325  0.61673802173897063  0.62741498540688945
  0.63903480652453626  0.65069187614931179  0.66274493137457657  0.67441973287030454
  0.68571714423002827  0.69600616906039814  0.70581875556845253  0.71517920672904300
  0.72413577035671006  0.73329667408167987  0.74249886254201347  0.75143403144831722
  0.76150621746660330  0.77123856265947754  0.78169036621730004  0.79197622003713530
  0.80220723402501026  0.81200177258047201  0.82181623763613532  0.83177640997041735
  0.84198722802669035  0.85207318712466851  0.86219106604514950  0.87230622264904711
  0.88210886918093090  0.89234332070586342  0.90284298368770366  0.91406173075024033
  0.92574440003259262  0.93725965197665551  0.94827436862188053  0.95881971132538180
  0.96912628924840427  0.97933698356143228  0.98937819866556787  1.00000000000000000
   5.1812309094939427E-012  -1.0000000000000000     
 F F F F F F F F F F F F F F F F F F F F F F F F
  <DiscreteSampler_grid>
  grouped_processes
  1 # 1 for a reference and 2 for a running grid.
  10 # Attribute 'min_bin_probing_points' of the grid.
  1 # Attribute 'grid_mode' of the grid. 1=='default',2=='initialization'
  0.0000000000000000 # Attribute 'small_contrib_threshold' of the grid.
  0.5000000000000000 # Attribute 'damping_power' of the grid.
 # binID   n_entries weight   weight_sqr   abs_weight
    10   10   2.946607381356810E-001   6.223667397680346E-001   2.946607381356810E-001
  </DiscreteSampler_grid>
