  0.00282058853593646  0.00294411950190083  0.00306868625177895  0.00319589898082404
  0.00332690739744826  0.00346117317174694  0.00359907890468746  0.00374094075297670
  0.00388675344029716  0.00403660479631562  0.00419105914069867  0.00435155151926057
  0.00451905405740132  0.00469143906202250  0.00486932680322068  0.00505489275563945
  0.00525117241756501  0.00545372241453027  0.00566422805720415  0.00588564565998886
  0.00611544011431216  0.00635266248449154  0.00659888462570976  0.00685638231862542
  0.00712486751315095  0.00740177612149716  0.00768900814850596  0.00799270570163326
  0.00830707778302744  0.00863274034452395  0.00897483740920824  0.00933245129217739
  0.00970384670798632  0.01008919721821442  0.01049333762217087  0.01091681737444036
  0.01135693818786168  0.01181550948845464  0.01229633524277884  0.01279924634221210
  0.01332309698522240  0.01387125904523636  0.01444720856495271  0.01505230872642419
  0.01567956595953755  0.01633130137529891  0.01702925187578837  0.01775414459193269
  0.01851019874970192  0.01930862613258594  0.02014889655378354  0.02102597568800859
  0.02194198670799041  0.02290690861876776  0.02392638061640774  0.02499865449848732
  0.02612374261652443  0.02731513315664642  0.02858325415984423  0.02992554463439523
  0.03134448877837309  0.03284717401320112  0.03445390681578178  0.03616010028838160
  0.03796560477619292  0.03987648254235769  0.04191504201508307  0.04410489787957434
  0.04644863018066839  0.04895837216197298  0.05164565493908573  0.05454187141294476
  0.05771149833374810  0.06113926082198673  0.06491229491266459  0.06903176512736982
  0.07352607001743892  0.07844423067411509  0.08390206308993647  0.08991886025543307
  0.09659284378175445  0.10404925612160904  0.11241984419580378  0.12181864234660110
  0.13243505181036244  0.14446371497338820  0.15847258090486441  0.17558305293414300
  0.19590903589779735  0.21903743116770946  0.24699250847658732  0.27966687593007367
  0.31890981403202306  0.38000102353017562  0.50282408211340457  1.00000000000000000
 -0.00244194595370861  0.00944382187671751  0.01957916684633476  0.03018545284755191
  0.04075124666274107  0.05133864072531509  0.06199114376992873  0.07260481878297248
  0.08319732945146936  0.09371486149969267  0.10426009693628956  0.11475542638725429
  0.12519801686579662  0.13567896129854795  0.14606894116985880  0.15654353921868583
  0.16698993696606557  0.17758064998002251  0.18814328927576915  0.19869593424377205
  0.20926671341046763  0.21981486800149239  0.23035045331537365  0.24084414810050658
  0.25129872834043165  0.26175582401068576  0.27220770205197437  0.28264324449019923
  0.29318905431090897  0.30381653721710089  0.31457022094041920  0.32527056276734662
  0.33587850064846192  0.34637098860799487  0.35687685874135289  0.36743043930458341
  0.37795234957731622  0.38842756531937794  0.39903394706577111  0.40977526500066980
  0.42042809494231231  0.43087323988396409  0.44129061247796764  0.45176720258503716
  0.46234728974075168  0.47299282246320834  0.48366602313185270  0.49427623737448756
  0.50483245864815651  0.51537711605939573  0.52594109736326744  0.53643057238709924
  0.54692439485365407  0.55743724537132278  0.56804460211640750  0.57860758027490233
  0.58914887232124491  0.59962239377748516  0.61017815125776775  0.62070775696120195
  0.63114975046583288  0.64148723292176169  0.65193062268511626  0.66240411110285868
  0.67299918676943238  0.68360536899135793  0.69435829737050081  0.70503211880530037
  0.71561664592271201  0.72616056843596877  0.73679565853638973  0.74739393155172629
  0.75803335077637224  0.76858183533810243  0.77916015627303925  0.78966631089306527
  0.80023599957073877  0.81084229771265193  0.82138161961232714  0.83194553565412799
  0.84242755778291900  0.85290646462463970  0.86334853956162028  0.87381425829121684
  0.88430016612864470  0.89478017166982815  0.90526833411148366  0.91584765440990257
  0.92633320131551722  0.93695750741803407  0.94749597764943105  0.95795281162172619
  0.96845267953174230  0.97885410018677943  0.98947385762274132  1.00000000000000000
  0.12245048832924504  0.12602785925180868  0.13363366523748113  0.14190335478702260
  0.14991198154113569  0.15797111661954483  0.16604538845813552  0.17418094026715752
  0.18235412038427293  0.19056194067983270  0.19881620041769904  0.20709088677446227
  0.21542812949992429  0.22377967963443629  0.23216673658731854  0.24058309836265010
  0.24903103383337399  0.25749657523859776  0.26598299484869503  0.27451283608479621
  0.28308541963332173  0.29168693227390585  0.30028953286089205  0.30892881963711227
  0.31762000674727908  0.32635647875331675  0.33510752408667227  0.34388709721442717
  0.35269395472245801  0.36152343872467207  0.37037436421687991  0.37922587620439241
  0.38810056587770819  0.39699003816603573  0.40595016737311784  0.41496294377441090
  0.42403440129372599  0.43312624161531199  0.44222996314528490  0.45134135869371067
  0.46048943839412010  0.46967936092745866  0.47885404386431729  0.48803473929217206
  0.49723669826749661  0.50649357643271442  0.51578696404418223  0.52512424828506610
  0.53446981695971751  0.54378230171959219  0.55308126575532046  0.56237719542729292
  0.57162739032125631  0.58082903001830610  0.58998201943173079  0.59917121115750172
  0.60847561799542715  0.61785535142537906  0.62729303632435685  0.63673627561525392
  0.64617543030984004  0.65560156390299218  0.66503884797932356  0.67447952567833869
  0.68390269866713460  0.69330873026352591  0.70272843205211888  0.71219687340618076
  0.72168809098637365  0.73123866987181796  0.74087280541402301  0.75055804111463420
  0.76029650961468209  0.77006088860105226  0.77984385315082561  0.78965535393681408
  0.79950194339364389  0.80937346716119196  0.81925985965794090  0.82915676111878134
  0.83907474804573912  0.84904784367638841  0.85905511395857259  0.86910480066617313
  0.87923613409894685  0.88956661229030809  0.90024509642016581  0.91132391458425588
  0.92255612074382765  0.93356881234712097  0.94348469453084449  0.95231675220465306
  0.96107759907415524  0.97068332541759994  0.98312665723680637  1.00000000000000000
   1.7165625934429289E-003  -1.0000000000000000     
 F F F F F F F F F F F F F F F F
  <DiscreteSampler_grid>
  grouped_processes
  1 # 1 for a reference and 2 for a running grid.
  10 # Attribute 'min_bin_probing_points' of the grid.
  1 # Attribute 'grid_mode' of the grid. 1=='default',2=='initialization'
  0.0000000000000000 # Attribute 'small_contrib_threshold' of the grid.
  0.5000000000000000 # Attribute 'damping_power' of the grid.
 # binID   n_entries weight   weight_sqr   abs_weight
    10   10   2.706478674960358E+010   1.723063761185473E+021   2.706478674960358E+010
  </DiscreteSampler_grid>
