  0.00001381024335675  0.00001720244132749  0.00001962337835308  0.00002171286799745
  0.00002404198377293  0.00002657013734416  0.00002922781268225  0.00003211346834768
  0.00003512541245709  0.00003822285233147  0.00004128143797389  0.00004450031434907
  0.00004786775312568  0.00005146832088315  0.00005558863075049  0.00005975076557413
  0.00006421144338565  0.00006915740323054  0.00007423429313659  0.00008038064847681
  0.00008685651377148  0.00009355900476333  0.00010043119385405  0.00010732354322166
  0.00011410656167202  0.00012192793473886  0.00013147782963832  0.00014068036260412
  0.00014973983807700  0.00015878705916867  0.00016782743574168  0.00017819993838253
  0.00018723676770998  0.00019582812692598  0.00020459199919707  0.00021358185331588
  0.00022263550096078  0.00023232165054027  0.00024302140335684  0.00025612997156770
  0.00026983941102617  0.00028223947310247  0.00029398443975706  0.00030628913086084
  0.00032035787720229  0.00033375822839265  0.00034921662920363  0.00036438369517677
  0.00038398208478310  0.00040614882601286  0.00042924745986831  0.00045371382059459
  0.00047936644010826  0.00050611908501337  0.00053361265756726  0.00056257003828057
  0.00059394971899699  0.00062491600610765  0.00065707271873668  0.00069374892644303
  0.00073690649474166  0.00078078650340321  0.00082950051243976  0.00088905494661723
  0.00095505175218634  0.00102468825729966  0.00109579688601000  0.00117445866372770
  0.00125661537013921  0.00133838783694227  0.00143084845649711  0.00153050682208631
  0.00164749247277652  0.00178705295137288  0.00195973793403303  0.00215655022856952
  0.00238014897000871  0.00264561869811317  0.00298287670971076  0.00336300628516606
  0.00379226089670962  0.00431831779968813  0.00500877046561728  0.00583997625623881
  0.00681943951986962  0.00803458646514673  0.00961944658881987  0.01189875278433187
  0.01511885434665284  0.01955616247640765  0.02606993712352648  0.03693954485490492
  0.05524772087584187  0.08934026387431782  0.18072611007680051  1.00000000000000000
  0.00000096788782390  0.00000322491601743  0.00000559288362546  0.00000804588899081
  0.00001049108743972  0.00001296860557476  0.00001547256431297  0.00001800434888613
  0.00002068030491159  0.00002353825415501  0.00002667725611691  0.00003015452962994
  0.00003392831899424  0.00003825896514367  0.00004273141327280  0.00004728775408310
  0.00005192193790820  0.00005667342315019  0.00006162191747498  0.00006684612036252
  0.00007237088327755  0.00007847550509941  0.00008477773010355  0.00009168158664748
  0.00009957706226360  0.00010813225708012  0.00011671836256599  0.00012547465185570
  0.00013485449380046  0.00014467475624669  0.00015562599099610  0.00016714450795308
  0.00017862759850804  0.00019011451098280  0.00020230632941110  0.00021609118751343
  0.00023134954382703  0.00024721372020909  0.00026241059470644  0.00027771835746854
  0.00029439036581946  0.00031222427126125  0.00033170730038610  0.00035541614792109
  0.00038238449763030  0.00041077005062573  0.00044152704722051  0.00047505649291489
  0.00051083651296729  0.00054279894336610  0.00057787415003487  0.00061487253279286
  0.00065482915941538  0.00069976146863679  0.00075052048327843  0.00080637763665374
  0.00086644500713711  0.00093377375720212  0.00100917100596945  0.00108794891085859
  0.00117188937225869  0.00125794513220641  0.00135119244074483  0.00145808637798917
  0.00158595987792484  0.00172781733820306  0.00189050795742187  0.00206375052321258
  0.00225160680659762  0.00245470104258861  0.00266817660224890  0.00290403624303799
  0.00317331960459743  0.00349313675876772  0.00387736628528324  0.00431838920790396
  0.00481709497107799  0.00537540087596700  0.00597869052240086  0.00665768435140617
  0.00751935603035690  0.00859355451457901  0.00979166480372645  0.01114600577385940
  0.01284065060793186  0.01507297089155807  0.01787389743263191  0.02141775066465828
  0.02608180700388023  0.03239649643123031  0.04130886334055400  0.05405560531301599
  0.07651024887562918  0.11857209944183023  0.23368501581472736  1.00000000000000000
 -0.00191760817374134  0.00815359400824447  0.01652354004197445  0.02529203926836664
  0.03437011952775277  0.04390939401185446  0.05474566230626501  0.06566673429189475
  0.07694725344908400  0.08841643804045357  0.10088106267657701  0.11311051781565040
  0.12497391900901467  0.13564544897895181  0.14613466681675377  0.15676195892270747
  0.16735410157700736  0.17858897351537145  0.18930326545190501  0.19974694406383203
  0.21007225551235439  0.22046917248963943  0.23052452028300038  0.24000689716900259
  0.25034038460640856  0.26205940719646809  0.27304397158455584  0.28279177938656219
  0.29232933520690846  0.30312190564255281  0.31406384472296944  0.32406762068187189
  0.33408712047201117  0.34340882435225667  0.35321767628122414  0.36248014310445820
  0.37159836319322626  0.38075254802613101  0.38959408191344580  0.39794844638906862
  0.40591009866410688  0.41388259218125234  0.42210250040562519  0.43053930033873433
  0.43946877211560337  0.44910246614225041  0.45819149238852752  0.47043909521671479
  0.48225445109575721  0.49352765799996839  0.50487856651417606  0.51568619261511184
  0.52633871743387206  0.53663285257417770  0.54764566102761958  0.55905545142465651
  0.57131256355839488  0.58393766469535147  0.59682276151749514  0.60984637789950358
  0.62180194943242861  0.63256011624123010  0.64281997805274127  0.65327845873834212
  0.66419167290634129  0.67509654430271482  0.68618889602988209  0.69764753171712812
  0.70904231931214368  0.72010316363787397  0.73096059722822559  0.74197763929120009
  0.75322130493196882  0.76486148520888864  0.77639394793043048  0.78767316738886439
  0.79848196614039979  0.80964206717855802  0.82125392899512184  0.83204716878779905
  0.84278572641993987  0.85328314177051667  0.86361734624038300  0.87319694327531194
  0.88242244634625777  0.89099076515145914  0.89985642241280761  0.90889013552055076
  0.91836571432339775  0.92940679865987974  0.94058995073696028  0.95283797445598151
  0.96568261696959967  0.97776809504706486  0.98918183395052917  1.00000000000000000
 -0.00023637075314203  0.00398904373932645  0.00467568085610675  0.00508138794333882
  0.00540697427792326  0.00569249601494671  0.00593448112679000  0.00617836008188092
  0.00642371861309758  0.00665192044207853  0.00687166954337459  0.00710213374529033
  0.00733591708074111  0.00757218040556006  0.00780908162097498  0.00804767918099781
  0.00829470202945137  0.00854739785129677  0.00880639024857793  0.00906855722815023
  0.00933280551528680  0.00959526088560034  0.00985663772369058  0.01011860331664370
  0.01038641626544482  0.01065889625990943  0.01095109770246725  0.01127697708758294
  0.01160714700798973  0.01194885359534139  0.01230171831040073  0.01266534854982917
  0.01304454231145049  0.01344484476646467  0.01385902421200360  0.01428173301667682
  0.01472279302224094  0.01517772707052927  0.01565035939132732  0.01613976230786841
  0.01664337170664177  0.01716265013190510  0.01769606834256995  0.01823948893777636
  0.01881747586847887  0.01941821006424953  0.02003410701402482  0.02069147145217349
  0.02141514968333802  0.02217238733343205  0.02296212430890213  0.02377328167759051
  0.02461447280349221  0.02550291902352848  0.02643015677405019  0.02739629667898211
  0.02840560675573501  0.02946276898227104  0.03054274988571498  0.03164989910788801
  0.03279527589588015  0.03397128204527700  0.03521873957185750  0.03650422303851462
  0.03785576790557564  0.03925560094789231  0.04069740394853998  0.04237537927349087
  0.04447444838353498  0.04673181443147274  0.04910056217188518  0.05161538992794937
  0.05427935809558026  0.05706267495143363  0.05994733805978207  0.06323680855397229
  0.06723068720041211  0.07164056466729773  0.07639070464191638  0.08144503504761520
  0.08767707590230070  0.09469526403636161  0.10233494538315324  0.11128594448008668
  0.12165305284703436  0.13396148213534464  0.14830323695593189  0.16552921769001924
  0.18635589371680900  0.21152161244796225  0.24389649885118786  0.28601262141264228
  0.34365741754095680  0.43406486333822758  0.59925646252949971  1.00000000000000000
 -0.00211030741284658  0.00840636086352979  0.01703434339460782  0.02649245869791701
  0.03612622378325608  0.04622531926966051  0.05805888920313033  0.06890586046067275
  0.07949460956553037  0.08964207249916047  0.09985237170943201  0.11026971260372447
  0.12063797291006610  0.13158332057567579  0.14235296961263919  0.15281797649996348
  0.16309105597652976  0.17326394759035046  0.18361205730354382  0.19428114162420407
  0.20529661013960729  0.21673463662211370  0.22855609058607948  0.24060526874922344
  0.25295704036285926  0.26539430906743638  0.27754832569359278  0.28918451385655630
  0.30024325837428090  0.31130392617684494  0.32207049093936413  0.33305434514268650
  0.34398645161054303  0.35557751943091809  0.36771160147655074  0.38040165628883166
  0.39308400106489122  0.40526251434910815  0.41656050067656725  0.42846889355946738
  0.44017698434546132  0.45209393411084958  0.46397584831910699  0.47635346627477015
  0.48829378921312228  0.50052971036978078  0.51398701528483659  0.52833240693923833
  0.54287297781395050  0.55523675682527762  0.56750960057016375  0.58012498823896419
  0.59109228146713133  0.60116464593709229  0.61114840083781186  0.62052770233567556
  0.62959187059046851  0.63875769171415708  0.64883191716245014  0.65962331282423747
  0.67034726406106915  0.68088415169187055  0.69089982142838047  0.70059557490166846
  0.71065228930273383  0.72229301058010498  0.73276819954146466  0.74212833532342448
  0.75160106562326756  0.75990209770388828  0.76842432650717374  0.77706324391436665
  0.78570065723618199  0.79433366487781665  0.80329126894899294  0.81181695873096360
  0.82044998343568432  0.82938144230075805  0.83854656797059557  0.84820737537628177
  0.85820563879298417  0.86835938389330680  0.87818369406689967  0.88727088846611357
  0.89628242124797597  0.90524964578964173  0.91417563627443699  0.92302374582464219
  0.93153291333697152  0.94016290220187382  0.94958082741967542  0.95963574376456351
  0.96894929971251675  0.97964426417317207  0.98983641270968770  1.00000000000000000
   5.3466002983412622E-012  -1.0000000000000000     
 F F F F F F F F F F F F F F F F F F F F F F F F
  <DiscreteSampler_grid>
  grouped_processes
  1 # 1 for a reference and 2 for a running grid.
  10 # Attribute 'min_bin_probing_points' of the grid.
  1 # Attribute 'grid_mode' of the grid. 1=='default',2=='initialization'
  0.0000000000000000 # Attribute 'small_contrib_threshold' of the grid.
  0.5000000000000000 # Attribute 'damping_power' of the grid.
 # binID   n_entries weight   weight_sqr   abs_weight
    10   10   3.998139279207139E-001   1.350624931400522E+000   3.998139279207139E-001
  </DiscreteSampler_grid>
