  0.00277120089596412  0.00296352673470094  0.00309184506213304  0.00321785668298753
  0.00334851998975113  0.00348303868866441  0.00362171750838014  0.00376453785903001
  0.00391237317448587  0.00406661373625007  0.00422651410397362  0.00439118545890972
  0.00456222110503321  0.00473992468049809  0.00492381098240661  0.00511325919615514
  0.00531108524735697  0.00551757056771964  0.00573186184333427  0.00595685223361911
  0.00619156073893274  0.00643315298581513  0.00668314899466925  0.00694514644778544
  0.00721711269333606  0.00749804676939075  0.00779409040745083  0.00810361634910603
  0.00842402663910516  0.00875807922047162  0.00910809941035948  0.00947201569254430
  0.00984828489750629  0.01024299092162775  0.01065954263250617  0.01109058608334875
  0.01153973603073996  0.01201412634002770  0.01250889609831920  0.01302140498595932
  0.01355840047756975  0.01412568755337260  0.01471281035631817  0.01532278254170671
  0.01597842738290575  0.01666141829986793  0.01737144229990828  0.01811761723305472
  0.01890253891553410  0.01972540877227854  0.02058868261163710  0.02149931777724127
  0.02245881529048879  0.02346304477341126  0.02451885554615791  0.02565093748868881
  0.02684452331794600  0.02809444817662451  0.02941788739247892  0.03082387052599340
  0.03231256051040576  0.03388082390716961  0.03554884635637025  0.03733659402208792
  0.03924129849413537  0.04126730472747684  0.04342591461241063  0.04574959007731223
  0.04823303288105690  0.05089073087066044  0.05377697421901410  0.05693675528014500
  0.06040308904893339  0.06414525326776131  0.06819301849742325  0.07257782739199199
  0.07734339352946072  0.08259156841066989  0.08841437328913306  0.09489640352295706
  0.10213471567802716  0.11032563355613519  0.11966675779889377  0.13027945124409462
  0.14247145352995558  0.15660406534672341  0.17367051138776823  0.19321927848040374
  0.21604403473705674  0.24332427035446799  0.27755297775405413  0.32182930725394754
  0.38270561464904834  0.47372147033863099  0.87804006526635714  1.00000000000000000
 -0.00244850011536783  0.00965572570944628  0.01987044172797778  0.03032982552926921
  0.04077164962351893  0.05119604342376740  0.06171718826141364  0.07229880707721677
  0.08290126592087393  0.09344496163150760  0.10392616673334738  0.11435082642885135
  0.12480220093158774  0.13520604663403324  0.14569566721808994  0.15623499692666906
  0.16679847296632938  0.17728906250807916  0.18781813428600716  0.19846489936955974
  0.20920237821548249  0.21990252135024732  0.23059137867864146  0.24115255236615935
  0.25171647234263833  0.26218263671962422  0.27265096582667803  0.28305896956782473
  0.29346776822539633  0.30389270122956275  0.31440809448703533  0.32501877762138248
  0.33560018245215523  0.34609307828997254  0.35660941551531306  0.36724402091011416
  0.37783627387535262  0.38851377208270649  0.39909681964886928  0.40983868249529620
  0.42048625065723094  0.43120255156170567  0.44180019606516535  0.45234976854247538
  0.46293459363281364  0.47346195936986751  0.48391224911845454  0.49429994239335712
  0.50473374278153316  0.51521933937121345  0.52577383427149094  0.53638204346568485
  0.54698038364549462  0.55753988492034912  0.56806241603045327  0.57866835537407468
  0.58922821794526159  0.59975077710410118  0.61018500837534662  0.62063849135668914
  0.63113549281239789  0.64159188588962823  0.65203288558871364  0.66245688982447715
  0.67295178182855719  0.68355745598916062  0.69407357762222199  0.70458370950812377
  0.71503803432963930  0.72553600809097241  0.73594970086548828  0.74639375787512430
  0.75699427014597953  0.76764263569808411  0.77822653170223965  0.78885247507008605
  0.79947115921688860  0.81003948676268078  0.82044186020455101  0.83091281318591981
  0.84150246421087194  0.85208636845127017  0.86261244211390975  0.87308440634888551
  0.88355933370206452  0.89406954104110692  0.90466986499543944  0.91529127061583737
  0.92590122655762763  0.93648120371309918  0.94703409157310348  0.95761476635440035
  0.96825183269406745  0.97892548300575988  0.98954142950806812  1.00000000000000000
  0.12220675048481897  0.13226888576723750  0.13997288496967214  0.14789266627969677
  0.15587191662545913  0.16386565723237495  0.17190569476666373  0.17998251316757299
  0.18808131829290717  0.19621005474627756  0.20436899599510761  0.21258263010261805
  0.22083586311072742  0.22911782924012453  0.23743906652296329  0.24580214253659941
  0.25420527529144504  0.26263684656981146  0.27110381629474872  0.27961639331290083
  0.28815933759464180  0.29672194851944628  0.30531333202625877  0.31392754419257779
  0.32256475684972513  0.33122061217995624  0.33989540660587858  0.34858391870158201
  0.35729657649381102  0.36604416725777972  0.37484103598707491  0.38369789951348632
  0.39259601475493533  0.40150844590558199  0.41043060964200018  0.41937320437755443
  0.42835797786885454  0.43738892919013367  0.44642104319847359  0.45545284157331839
  0.46451293963838347  0.47361243314700452  0.48271853501112660  0.49180315202231101
  0.50088502248077815  0.50998795096228466  0.51912974941826384  0.52826581603370260
  0.53737458549680472  0.54646596388395463  0.55554122700508557  0.56461022013670814
  0.57366898555054058  0.58274857548773185  0.59188526679866627  0.60106153311190780
  0.61024826611929384  0.61943163554335290  0.62860122414493813  0.63778588815971260
  0.64700617179409758  0.65626288140859035  0.66556063691162670  0.67495780233765656
  0.68443755475441781  0.69385628151121748  0.70318593476202618  0.71257767811973582
  0.72217136348472610  0.73188511705446713  0.74155410054319815  0.75117863446010769
  0.76088115664339939  0.77063344186981964  0.78035353230415738  0.79003290710755902
  0.79972250126745370  0.80943424160211885  0.81918200361345739  0.82896897485675092
  0.83884844520419055  0.84884089753148584  0.85894335569508073  0.86910865303466489
  0.87936177248799596  0.88974657257574274  0.90038786807239257  0.91143189862011553
  0.92267487857635866  0.93366743958683562  0.94350728634612802  0.95225256947480785
  0.96094347950354342  0.97051837941199726  0.98295658684665299  1.00000000000000000
   1.7066160976038009E-003  -1.0000000000000000     
 F F F F F F F F F F F F F F F F
  <DiscreteSampler_grid>
  grouped_processes
  1 # 1 for a reference and 2 for a running grid.
  10 # Attribute 'min_bin_probing_points' of the grid.
  1 # Attribute 'grid_mode' of the grid. 1=='default',2=='initialization'
  0.0000000000000000 # Attribute 'small_contrib_threshold' of the grid.
  0.5000000000000000 # Attribute 'damping_power' of the grid.
 # binID   n_entries weight   weight_sqr   abs_weight
    10   10   1.685187668820448E+010   4.420881650190108E+020   1.685187668820448E+010
  </DiscreteSampler_grid>
