  0.00001815144436711  0.00002040836156888  0.00002205560514636  0.00002358917036006
  0.00002523000005624  0.00002688655007005  0.00002862631304832  0.00003030000451196
  0.00003183219045633  0.00003392264748403  0.00003706392167312  0.00004007880291915
  0.00004330270534872  0.00004672839268986  0.00005033972131177  0.00005426455463875
  0.00005833085797372  0.00006264077884116  0.00006717103291057  0.00007188062629879
  0.00007679456729153  0.00008208355601214  0.00008773381541424  0.00009376799029481
  0.00009958345595859  0.00010534347799496  0.00011125001171621  0.00011701460690895
  0.00012258582740827  0.00012822908663716  0.00013425442198415  0.00014064977659916
  0.00014770698252872  0.00015539996511683  0.00016311155925966  0.00017097624569142
  0.00017847375173075  0.00018661572078314  0.00019622545805653  0.00020640909962129
  0.00021711193946210  0.00022880541349658  0.00024078372592983  0.00025447076206509
  0.00027014767785098  0.00028723922935823  0.00030565874459466  0.00032478222242954
  0.00034365556491674  0.00036229880003305  0.00038255303610299  0.00040444023678777
  0.00042462310223887  0.00044492419243351  0.00046627414233361  0.00048928656401900
  0.00051438562199410  0.00054190173180824  0.00057267758403901  0.00060965375138753
  0.00064799285929985  0.00068975226039017  0.00073657343661476  0.00078846636294255
  0.00084587574716718  0.00090604139965591  0.00096552767153932  0.00102913279125058
  0.00109505942992716  0.00116542245041215  0.00124851675563630  0.00136311015174880
  0.00149454981409976  0.00163888299552111  0.00179360270153100  0.00196872814839692
  0.00217759601829099  0.00243330267952106  0.00273688504998318  0.00309624922916208
  0.00350693723747295  0.00399905556665722  0.00460889929558738  0.00537300074086077
  0.00631993407376838  0.00756297126398367  0.00916421837838249  0.01133047331941898
  0.01441304986180284  0.01864757922224414  0.02519326667588035  0.03585362351134261
  0.05430038772340576  0.08906247279045601  0.18584054990579887  1.00000000000000000
  0.00000152114149931  0.00000616491099626  0.00000929433136951  0.00001188762930740
  0.00001460202835875  0.00001743631837179  0.00002041004199491  0.00002351333839849
  0.00002692480930902  0.00003053079918153  0.00003437598328977  0.00003888228021701
  0.00004359319936570  0.00004853904767900  0.00005381544307571  0.00005949361238692
  0.00006536528979014  0.00007149094738524  0.00007768168032917  0.00008412577971321
  0.00009069986962328  0.00009742456927234  0.00010437264194317  0.00011145219649115
  0.00011882589193461  0.00012690079880649  0.00013559605749812  0.00014521217365983
  0.00015541950713076  0.00016611143238294  0.00017707090357131  0.00018837852048610
  0.00019991379344613  0.00021189260609810  0.00022444287048607  0.00023756696329777
  0.00025147153112270  0.00026656097468190  0.00028123616114045  0.00029618125651740
  0.00031151976330573  0.00032690962626682  0.00034295363989167  0.00036015641768797
  0.00037896830290473  0.00040007581826649  0.00042412231249519  0.00045332493365790
  0.00048717977294957  0.00052503423637333  0.00056586974505554  0.00060915021236965
  0.00065459653215505  0.00070379946434101  0.00075702749529765  0.00081343789660811
  0.00087639969680808  0.00094075303357282  0.00100964661909126  0.00108419507301866
  0.00116532706544897  0.00125191103673259  0.00134627205120695  0.00144874287794056
  0.00156026425083524  0.00168555462769250  0.00183442252724104  0.00201084293788478
  0.00221351069040145  0.00244368848975386  0.00269974378737889  0.00298971103723188
  0.00330994016328016  0.00365305757435089  0.00405280539699510  0.00450019275182233
  0.00500946596786740  0.00555166910633345  0.00618756521972780  0.00695666196469412
  0.00787605106022487  0.00896949082555939  0.01026754040302627  0.01192517793358926
  0.01394468203837044  0.01637652629486221  0.01962445715812738  0.02412229018073028
  0.03017627452299118  0.03893294093962416  0.05161385880587752  0.07239098394755518
  0.11293219342582053  0.21971979830500604  0.84676910447826181  1.00000000000000000
 -0.00203294353727825  0.00839414183178486  0.01718540303023176  0.02638761156957805
  0.03591821449925113  0.04509577427320913  0.05400981290159027  0.06378075386972519
  0.07570683693955356  0.08867712216123076  0.10136715520976231  0.11386240697215888
  0.12606903568620423  0.13670019887951171  0.14700171839688489  0.15753553729401498
  0.16804062833150085  0.17842432326236807  0.18888308396157724  0.20051811205335690
  0.21242005247503307  0.22436252263974341  0.23600262121028412  0.24714210525672375
  0.25768242923110529  0.26762121999810373  0.27790358933663956  0.28833641377616748
  0.29946702552692944  0.31024230449140294  0.32037967260981470  0.33030990865873472
  0.34087982299732000  0.35160818627842638  0.36159525444431861  0.37123131350218641
  0.38151954111703595  0.39152936447592523  0.40158987615304786  0.41151176957557145
  0.42151628781870265  0.43161130160435679  0.44155599022967684  0.45097418219075647
  0.46043327517613936  0.47010195617191175  0.47966932462279854  0.48979930879417077
  0.50087531589733048  0.51265221640682002  0.52533524155839006  0.53594836204182983
  0.54639429547224383  0.55583432206315941  0.56543150438580181  0.57450965666088727
  0.58346153792970445  0.59259839597524833  0.60193792879676711  0.61154499445651822
  0.62114829437470231  0.63028288287137957  0.63956179402617397  0.64915838343813892
  0.65833677426351711  0.66744968338067479  0.67691650250127988  0.68599653335808819
  0.69670518180544005  0.70821013650478970  0.71990156696854612  0.73174245903980784
  0.74334133279227610  0.75459431152693357  0.76566539894941188  0.77663507310335267
  0.78732261710079210  0.79778076612713167  0.80831777574856223  0.81903592299592387
  0.83061602794430756  0.84288296698008192  0.85448867362256586  0.86576060035860547
  0.87671799616605317  0.88745952350954660  0.89785171923425777  0.90808694037070237
  0.91900116515518793  0.93117448491505950  0.94384476347162682  0.95584479680141676
  0.96793447662716436  0.97921689974533344  0.98982388357652984  1.00000000000000000
 -0.00002490456552408  0.00405847155740142  0.00474686982390081  0.00507304509856799
  0.00532813530872096  0.00557336643866447  0.00577883892564188  0.00598540280494431
  0.00619743809923314  0.00640513118040977  0.00660156028043132  0.00680286795362369
  0.00700967487923100  0.00722187504061439  0.00743796975142863  0.00766417265076377
  0.00789589412401339  0.00813141782658037  0.00837482275836550  0.00862791429270198
  0.00889019196270357  0.00916175002610109  0.00943524163141649  0.00971234212672256
  0.01000351079675487  0.01029835585809931  0.01059820676463783  0.01090681907938227
  0.01122980496017056  0.01155592446126527  0.01188865329350487  0.01224398291093510
  0.01260351225710260  0.01298195481107100  0.01337819579555950  0.01378616408214095
  0.01422712562831480  0.01468296742806410  0.01515097882232309  0.01562798253708634
  0.01611313599381359  0.01662600877469700  0.01715226593604588  0.01770523496067617
  0.01827949943992839  0.01887263890455819  0.01948313716837920  0.02011375359991752
  0.02078622772080287  0.02153107027258605  0.02232323777821419  0.02314433551476782
  0.02398462746244800  0.02484955655241925  0.02574626171536202  0.02669192314401704
  0.02767892632481145  0.02871544960366572  0.02978941915653642  0.03089629251233062
  0.03202863299627515  0.03320108252027010  0.03441900181645978  0.03571230655649042
  0.03705319043721390  0.03843549330441396  0.03984878624406116  0.04134421746313732
  0.04326947653471328  0.04549876405432669  0.04789902771619772  0.05043107804047769
  0.05311493346593097  0.05588129009357255  0.05875686530296655  0.06189630696966952
  0.06583741026717982  0.07033835310734939  0.07513116281498826  0.08024143897769548
  0.08639942632114415  0.09367146044704341  0.10151977714456382  0.11072250719537172
  0.12136763090279104  0.13380736143718311  0.14800033537603938  0.16523824761802849
  0.18595096455752644  0.21087275328933761  0.24304828712865992  0.28474114311549914
  0.34353319781886893  0.43529587520682844  0.59886442722239086  1.00000000000000000
 -0.00343122839321637  0.01123931779881970  0.02368739932076139  0.03620519791055543
  0.04831864375026906  0.05942931612734993  0.06953782187174216  0.07908106750971974
  0.08892015569735595  0.09886276866644006  0.10857620128300303  0.11795850808695095
  0.12755421948660342  0.13787125408265030  0.14783965898241305  0.15798319591033572
  0.16799664685547094  0.17892215866220551  0.18900953554018962  0.19797692561664362
  0.20674343971032555  0.21479195942452711  0.22270630280775564  0.23092525687031376
  0.23965143066652189  0.24878388471082585  0.25880826209410729  0.26995453335806024
  0.28209378146157910  0.29448545850312896  0.30647132937297772  0.31816763489026051
  0.32982057788976388  0.34173474545728783  0.35413504555754743  0.36653192997296463
  0.37867974491619621  0.39056158692969140  0.40280567814544749  0.41549628305814806
  0.42815164394449795  0.44045658218841077  0.45268631440236023  0.46483697002800500
  0.47721375668387783  0.49088028320240495  0.50517443528969275  0.51787425226756523
  0.53006992350138404  0.54154003426590835  0.55261672108029425  0.56368026462122023
  0.57478812032147930  0.58609260383183370  0.59805418847304370  0.61078943478470171
  0.62289104443448962  0.63349407503924671  0.64367341834935410  0.65433102900489482
  0.66520154945757337  0.67593649083959373  0.68631222970496064  0.69667571374068038
  0.70728537016143689  0.71792377236689742  0.72795139307778856  0.73773002054396886
  0.74782739548610011  0.75729724256458852  0.76599693863350127  0.77438274485391523
  0.78293373848762027  0.79195882341759538  0.80109136122798774  0.80968494361792931
  0.81864528622690025  0.82829213703886073  0.83762689520326739  0.84682531653158122
  0.85561611911436941  0.86429082123915213  0.87337386186756860  0.88304754649463846
  0.89282980990254657  0.90234731433121695  0.91154534214454053  0.92086802746545104
  0.93054842248512537  0.94006947341264258  0.94928156305146416  0.95863683675394007
  0.96854332843439483  0.97936639447568297  0.98962505830682024  1.00000000000000000
   5.3218935967024842E-012  -1.0000000000000000     
 F F F F F F F F F F F F F F F F F F F F F F F F
  <DiscreteSampler_grid>
  grouped_processes
  1 # 1 for a reference and 2 for a running grid.
  10 # Attribute 'min_bin_probing_points' of the grid.
  1 # Attribute 'grid_mode' of the grid. 1=='default',2=='initialization'
  0.0000000000000000 # Attribute 'small_contrib_threshold' of the grid.
  0.5000000000000000 # Attribute 'damping_power' of the grid.
 # binID   n_entries weight   weight_sqr   abs_weight
    10   10   1.468432835726282E+000   1.447893355313631E+001   1.468432835726282E+000
  </DiscreteSampler_grid>
