  0.00002103586552936  0.00002299059205638  0.00002458812124959  0.00002626261672503
  0.00002805073138821  0.00002983324410717  0.00003247922117392  0.00003530719043878
  0.00003821118378163  0.00004206673431829  0.00004591665194271  0.00004982670362470
  0.00005395004092772  0.00005819119613630  0.00006244290288125  0.00006679359143755
  0.00007139019459978  0.00007620358328319  0.00008104626410952  0.00008625767162926
  0.00009165870674219  0.00009764466264838  0.00010400074385541  0.00011058069438277
  0.00011754969477692  0.00012539821542452  0.00013472658519038  0.00014476298696833
  0.00015469828802194  0.00016429026107136  0.00017333564112434  0.00018171886220739
  0.00018973895573728  0.00019782444532380  0.00020621691244029  0.00021476212340352
  0.00022345685578296  0.00023227295109462  0.00024095547162660  0.00025044005985790
  0.00026086148451144  0.00027154423013222  0.00028352800431355  0.00029742940331541
  0.00031272294050003  0.00032925660823754  0.00034670455261010  0.00036426222125218
  0.00038326918739278  0.00040399506014356  0.00042638020494386  0.00045042214622505
  0.00047609024969918  0.00050348191397281  0.00053228023676064  0.00056398545693564
  0.00059935074894881  0.00063697799688049  0.00067679920113965  0.00071827737212228
  0.00076019617894439  0.00080290373499562  0.00085182665692909  0.00090792649388331
  0.00096780847810462  0.00103005211767863  0.00109387003206517  0.00116328055426774
  0.00123844300687303  0.00131974843835063  0.00142279409108343  0.00156122225208084
  0.00171260506955768  0.00188269827368670  0.00206924279670911  0.00227592865033413
  0.00251133284366351  0.00278609709225349  0.00310769739590118  0.00348931593854812
  0.00394542792853048  0.00446869920542095  0.00512452481797857  0.00595638853244980
  0.00701374985207114  0.00835693728627355  0.01007186104106627  0.01237973815005437
  0.01559463830582536  0.02013753769692005  0.02698686811947392  0.03815753157792880
  0.05679120776658657  0.09223927520380894  0.19523365036449822  1.00000000000000000
  0.00000134215761270  0.00000421094577166  0.00000695064494737  0.00000967901898181
  0.00001269286357796  0.00001576565711689  0.00001889740250737  0.00002233591651022
  0.00002587883330660  0.00002951239164956  0.00003410329396308  0.00003887856201511
  0.00004380325668030  0.00004894865326622  0.00005448619190810  0.00006037914325352
  0.00006651415339212  0.00007276006064971  0.00007914206812745  0.00008593974199642
  0.00009300307122708  0.00010040467780324  0.00010852920915017  0.00011731033845329
  0.00012618456996905  0.00013497699603625  0.00014431721531485  0.00015463744955677
  0.00016564437434988  0.00017670238097816  0.00018781061910781  0.00019969263494833
  0.00021288407054540  0.00022731779426361  0.00024236453011192  0.00025785743765564
  0.00027369253674296  0.00029148489087650  0.00030951518763342  0.00032854296905095
  0.00034904223722892  0.00037099881407301  0.00039039603509555  0.00041017625185760
  0.00043301764625924  0.00045664622337637  0.00048169058933025  0.00050447977550842
  0.00054128117411196  0.00057800498199766  0.00061941744036723  0.00066465476125513
  0.00070934848612654  0.00075586643843739  0.00080761816653474  0.00085824013485425
  0.00090936299043561  0.00097371970174983  0.00104400782145810  0.00112142267012080
  0.00121115267121608  0.00130564997960555  0.00140707850243647  0.00151790941692299
  0.00163491262631564  0.00176158117389025  0.00189761243648588  0.00204739928152382
  0.00221783737192507  0.00241248748878093  0.00263529358772806  0.00288435992826752
  0.00316106682050296  0.00346773269716076  0.00383609124839303  0.00425661793898903
  0.00472891629021333  0.00529025933852403  0.00592115167451632  0.00662561881109355
  0.00744324320674913  0.00841536403788852  0.00956182767651745  0.01088458539393696
  0.01250879926280649  0.01455131525150843  0.01716741905926228  0.02030933428343724
  0.02440725112764888  0.03030890536934992  0.03901532300603291  0.05183963538823873
  0.07162868006347357  0.11124333916282650  0.20183879376789990  1.00000000000000000
 -0.00269455755315382  0.01015669868581040  0.02095292796928470  0.03255256935706128
  0.04310012049265242  0.05300144607628186  0.06257106327651962  0.07259821481107610
  0.08273723217146717  0.09212623757445688  0.10157296477227541  0.11086592941372141
  0.12034700679375422  0.12955358365227670  0.13875359434719753  0.14765129190533516
  0.15730243576034825  0.16743202103432686  0.17718961760073115  0.18655993213480299
  0.19606405701841917  0.20611788217222121  0.21693780653651007  0.22794285766285685
  0.23752938903579865  0.24680276906704551  0.25623980923990530  0.26578498799041450
  0.27492674855186033  0.28345132803428402  0.29147157087402686  0.30105848875226543
  0.31077281825311887  0.32220246999115804  0.33407023572019334  0.34576573451733678
  0.35672617773487653  0.36721042871380705  0.37812871893961464  0.38850202904771880
  0.39859282384013628  0.40812863633505875  0.41775163083865191  0.42773299444666285
  0.43787518428179428  0.44748348085914014  0.45742805773012923  0.46697302848457534
  0.47642103767372856  0.48590423984967995  0.49597800984486451  0.50663628646382597
  0.51725006716829491  0.52776498605207767  0.53841118493678253  0.54911329628677885
  0.56002627840483321  0.56934055440678255  0.57864048066936691  0.58825622499632169
  0.59807285797205156  0.60798347377951234  0.61749770144699456  0.62776486233805862
  0.63966702280008925  0.65229794489712456  0.66502945999301499  0.67767729297144774
  0.69064346898732842  0.70300522511409602  0.71459513210520953  0.72564067076065986
  0.73578213951383531  0.74614292704634555  0.75748648129656693  0.76947444549103683
  0.78115639646454815  0.79284579602892669  0.80466967195836581  0.81630609915247820
  0.82698065117120789  0.83705376814374488  0.84720952882939438  0.85776603132443230
  0.86883737403629524  0.88025867126212298  0.89189260478703825  0.90365921716177955
  0.91550610669013555  0.92717680781537237  0.93887855258025621  0.95085827275731682
  0.96296457991165718  0.97530346180392735  0.98754766965640572  1.00000000000000000
 -0.00046773003762872  0.00403676545625340  0.00465635000469726  0.00502936503393306
  0.00532754495510192  0.00559971214728040  0.00581854603106227  0.00603724650574696
  0.00625576509767039  0.00647188228804895  0.00668574402752955  0.00689879177485464
  0.00711148350545562  0.00733170279491618  0.00755421151302780  0.00778130395850374
  0.00801260402141190  0.00824612544395886  0.00848215983912282  0.00872277583276370
  0.00897031053775776  0.00922831206514894  0.00949135792601869  0.00976142354639130
  0.01005325919017775  0.01035345828251716  0.01065680921641297  0.01097445763140665
  0.01130585875177767  0.01165023219911110  0.01200043854399848  0.01238981916249181
  0.01278714622107403  0.01319198981092728  0.01362062603082396  0.01405309470226644
  0.01450081310349598  0.01495827577724478  0.01542475010292438  0.01591150766444104
  0.01640196690357834  0.01691214697472757  0.01743891617069760  0.01799230078603330
  0.01857584290122926  0.01917989201307348  0.01979867732255329  0.02043674405961049
  0.02114641135996364  0.02190887383023104  0.02270488970402978  0.02353376759074202
  0.02439262586596225  0.02527880025017916  0.02619366930318929  0.02713852373055326
  0.02811167215622155  0.02912493842882173  0.03019231984325442  0.03130493268471479
  0.03246378760487663  0.03365954837087184  0.03488138833999478  0.03615328481608972
  0.03747704225801096  0.03886382936447884  0.04030663805834413  0.04194277205946658
  0.04400013186886141  0.04630194471388043  0.04866496652996585  0.05115114401348571
  0.05377123021760282  0.05654798517664691  0.05945620863105633  0.06268200755094917
  0.06667856705237621  0.07115667852159557  0.07599927690184143  0.08127875169887809
  0.08750935017353154  0.09460401038003549  0.10249559797167185  0.11170590312698311
  0.12201746449970706  0.13430247277482876  0.14850333679361197  0.16605681333781425
  0.18726946450733781  0.21239885152522003  0.24436907482387094  0.28548838568457524
  0.34323898947123083  0.43344221793739363  0.59907417597918955  1.00000000000000000
 -0.00153330641026691  0.00657577253960328  0.01375729369370920  0.02174685057360257
  0.02971319360938380  0.03758361613547399  0.04611329589282739  0.05537910515954111
  0.06480071057318215  0.07401330750586231  0.08331465139878351  0.09314450389856037
  0.10289979011411093  0.11266612956127305  0.12246699990674348  0.13230512496669444
  0.14228805327080055  0.15251983605983599  0.16264118742045927  0.17218610447346722
  0.18147022554728010  0.19110993125668099  0.20201382864595679  0.21278050434306955
  0.22319753543765841  0.23408260148092994  0.24468072711015315  0.25558834649052192
  0.26574436064774365  0.27572390911286720  0.28539088709289306  0.29640055382184616
  0.30808070078995758  0.31931879029812132  0.32996868663426726  0.34089982240207600
  0.35265683276211746  0.36475229001196097  0.37683773468516518  0.38760760626992169
  0.39766498480410128  0.40750635504550881  0.41790143563674315  0.42885812732008088
  0.44077240625512693  0.45361006346775978  0.46662263893695860  0.47886480960173139
  0.48998837736643897  0.50097058650650506  0.51224160053941170  0.52399089465962234
  0.53655839250074921  0.54985811530015938  0.56358622763889488  0.57725911666902863
  0.59087004194965353  0.60426892167894286  0.61696629753298793  0.62892118571841782
  0.64000301051451769  0.65040653488985856  0.65958770766858865  0.66940143334084357
  0.67907807054307123  0.68848370737693410  0.69786905364405838  0.70701531151143560
  0.71827711237183678  0.72945561675365145  0.74025777762223710  0.75099965499850607
  0.76175442549117589  0.77249856196820865  0.78395764821018898  0.79543335320188990
  0.80682559189867609  0.81782512879831926  0.82849443925089750  0.83887058434922701
  0.84924025893362587  0.85924348068604561  0.86872699788142860  0.87826623799742187
  0.88768201666371838  0.89663653636862140  0.90534278814443681  0.91458816098947093
  0.92497953935796307  0.93589020085907659  0.94649421868457406  0.95683546936719666
  0.96743139828492297  0.97819363509981361  0.98934269426647936  1.00000000000000000
   5.2991827639046949E-012  -1.0000000000000000     
 F F F F F F F F F F F F F F F F F F F F F F F F
  <DiscreteSampler_grid>
  grouped_processes
  1 # 1 for a reference and 2 for a running grid.
  10 # Attribute 'min_bin_probing_points' of the grid.
  1 # Attribute 'grid_mode' of the grid. 1=='default',2=='initialization'
  0.0000000000000000 # Attribute 'small_contrib_threshold' of the grid.
  0.5000000000000000 # Attribute 'damping_power' of the grid.
 # binID   n_entries weight   weight_sqr   abs_weight
    10   10   2.548306256443964E-001   2.155927250192995E-001   2.548306256443964E-001
  </DiscreteSampler_grid>
