  0.00005949555102886  0.00006625009720622  0.00007074715301554  0.00007465176476797
  0.00007843133983807  0.00008255598605559  0.00008683074746906  0.00009125694252199
  0.00009574970681707  0.00010022919589659  0.00010498206396653  0.00010987453353377
  0.00011501523603278  0.00012038720710030  0.00012562842027275  0.00013071332702427
  0.00013579230725678  0.00014094199777296  0.00014645442415622  0.00015263669794552
  0.00015864921079641  0.00016454212356848  0.00017042354200704  0.00017649218008307
  0.00018268168092908  0.00019151924460428  0.00020024104354863  0.00020904714039970
  0.00021801762317859  0.00022719838284121  0.00023658392595447  0.00024636529597940
  0.00025677343080318  0.00026775025322252  0.00027832688362390  0.00028629764638164
  0.00029523851704810  0.00030404413615596  0.00031402687534587  0.00032407791049782
  0.00033485117487898  0.00034677903425165  0.00035912971550617  0.00037060749100725
  0.00038717023816112  0.00040487823989752  0.00042283530110522  0.00044264787183115
  0.00046386599839694  0.00048641336204723  0.00051080556509041  0.00053715352097477
  0.00056459265910772  0.00059114254943952  0.00062144842220207  0.00065683100570396
  0.00069418964686686  0.00073340142354086  0.00077604090225241  0.00082288869232636
  0.00087357422372357  0.00093107268948722  0.00099688333558127  0.00106747489190359
  0.00114179045208910  0.00122024408381691  0.00130133918554070  0.00138800310499167
  0.00148868367393230  0.00161051086290492  0.00174067421047278  0.00188148280016728
  0.00203569938786361  0.00220489165854463  0.00240252920891469  0.00264614416649059
  0.00292264763425953  0.00325560927394758  0.00363440326079147  0.00406863842508158
  0.00457018207605775  0.00520075197004837  0.00597329370003594  0.00687529010095694
  0.00803030236515620  0.00965514038619996  0.01165450275942754  0.01421824292749860
  0.01775528447942410  0.02263389967704455  0.02980078125147593  0.04155568188534536
  0.06033034412318412  0.09683542854565713  0.19455795687115446  1.00000000000000000
  0.00000423250946882  0.00000788849808889  0.00001055129700051  0.00001292804392735
  0.00001551503598587  0.00001816722887759  0.00002092416365779  0.00002390402630982
  0.00002701948522874  0.00003051119973073  0.00003425166190988  0.00003808117354175
  0.00004263446759658  0.00004729587165700  0.00005216795114129  0.00005729007438675
  0.00006252990036720  0.00006802935234465  0.00007372361575120  0.00007966910040680
  0.00008596987223364  0.00009285052306713  0.00010099877308511  0.00011010809315233
  0.00011949813955999  0.00012906209444093  0.00013920557609391  0.00014970872691236
  0.00016018227750322  0.00017052275862392  0.00018080839243261  0.00019173536562958
  0.00020325174363157  0.00021434415441271  0.00022587146244077  0.00023862765836424
  0.00025244189430060  0.00026665648588573  0.00028429216519557  0.00030449899570328
  0.00032495139540162  0.00034606474991831  0.00036837901138497  0.00039226096264024
  0.00041736501104855  0.00044396492013957  0.00047304006811251  0.00050394982725461
  0.00053677460776639  0.00057341997652523  0.00061394856093551  0.00065475460005869
  0.00069645055252893  0.00074010963247732  0.00078670114414449  0.00084308562492144
  0.00090957943769771  0.00098320428322424  0.00106386977489244  0.00115322016022135
  0.00125253185925500  0.00136372511145591  0.00148905876511382  0.00162073405016167
  0.00176056941393369  0.00190841481228832  0.00206138354763438  0.00222153858939764
  0.00239784377577059  0.00259935580760126  0.00282375435873288  0.00307527231313865
  0.00337519412349773  0.00371890249263455  0.00411166132327353  0.00456365207023671
  0.00508098987249291  0.00570049311985463  0.00643399988721759  0.00725714545620191
  0.00817793152618593  0.00926627989139292  0.01054902419717453  0.01206223374373694
  0.01385093034313278  0.01598025623463758  0.01874511220849746  0.02238752323993493
  0.02714200105868542  0.03373358909575983  0.04280021658302954  0.05586605777177611
  0.07777403264699799  0.11852911663303824  0.22267552045572406  1.00000000000000000
 -0.00269667977668909  0.00970663855419459  0.02056578764073011  0.03152349897767277
  0.04249316091348616  0.05350050014131703  0.06411280513432221  0.07273275595947060
  0.08154546064966556  0.09047792986098746  0.09937617374931514  0.10782941578185193
  0.11620365893529820  0.12474153019583985  0.13476102984389354  0.14584338518670734
  0.15748948134378163  0.16984192107880219  0.18147551474709450  0.19295362014149878
  0.20459772508648399  0.21481644325170998  0.22542178404601559  0.23623824846284008
  0.24814202077627803  0.25881103951400519  0.26961847357570673  0.27877112411315763
  0.28872001090759492  0.29863710276968397  0.30867859018740906  0.31884418469018116
  0.32920453965846974  0.33947564787131879  0.34922050241944724  0.35895139535904474
  0.36884450515902545  0.37871441601720862  0.38827368694537456  0.39847791074556604
  0.40986705611685192  0.42116038000981243  0.43186439834200557  0.44269160267960317
  0.45367506029228150  0.46453582463522941  0.47514946517103662  0.48605111113577493
  0.49707998930507608  0.50755567147555880  0.51762427375450215  0.52727872267119824
  0.53706615895022591  0.54709468582987064  0.55756120756648175  0.56863937313973723
  0.58044627807581628  0.59258802136660016  0.60491774674189602  0.61742108071554280
  0.63022303712287908  0.64331570278510808  0.65710403476021606  0.67008726407865293
  0.68179769216946950  0.69312024622738189  0.70444939473033574  0.71599486603492479
  0.72693111382576903  0.73777833539978321  0.74803613865449559  0.75882283384349158
  0.76905242231337023  0.77843595834304868  0.78773517895828848  0.79665905243870372
  0.80537423654443563  0.81408995240496340  0.82336228880446560  0.83216530525907528
  0.84388028034663953  0.85545406274484304  0.86671730364782384  0.87752946612450700
  0.88814693412412893  0.89812222695391897  0.90774659453830087  0.91838737746269639
  0.92841005792297704  0.93806019241091976  0.94717500180791192  0.95684677384259698
  0.96808936207166829  0.97938083649788110  0.98982039186853654  1.00000000000000000
 -0.00045511854842891  0.00418850856722762  0.00467331009204219  0.00501846561094116
  0.00532005993455448  0.00556544617719609  0.00579842615096915  0.00600531249493658
  0.00621227400096144  0.00641939567912343  0.00662687070545822  0.00683461998641125
  0.00704759650183343  0.00726311030681355  0.00748352182724948  0.00770872155199336
  0.00793891717375497  0.00818360953385844  0.00843297652516365  0.00868695475299700
  0.00894911508946939  0.00924083373734217  0.00954105251601771  0.00984265179135157
  0.01017183849548347  0.01051329127621227  0.01086284355155442  0.01121397604361778
  0.01158094151997601  0.01195148699709281  0.01232807197996424  0.01274170405970915
  0.01316444750312314  0.01360398586108142  0.01406123732269089  0.01452628603123105
  0.01503033596215078  0.01554159316963378  0.01606044777172550  0.01659076979114232
  0.01713781339619370  0.01770587402076128  0.01828443602637049  0.01887564862836588
  0.01948270195342891  0.02011413011234273  0.02077956084451099  0.02147954757467310
  0.02227658174247359  0.02308189658660598  0.02390632656009256  0.02475192012744608
  0.02563024286870856  0.02654284928013316  0.02749179830449078  0.02849113647742109
  0.02954203017331268  0.03062955309273900  0.03174512191807634  0.03289139567870188
  0.03406998637010306  0.03528971379168498  0.03655040715673326  0.03784835097811114
  0.03920331507638210  0.04058809950900694  0.04208169167715442  0.04424111246125368
  0.04640424554741662  0.04874033350306984  0.05117532979046805  0.05372635336409804
  0.05640721085010095  0.05922930352326709  0.06234456853272541  0.06607412211271986
  0.07023694511057543  0.07469588342247770  0.07945775959993159  0.08490062163038134
  0.09129112044854376  0.09828014047353653  0.10628634229098474  0.11561178481237554
  0.12609732831631529  0.13878313411039658  0.15361396402171151  0.17094991899183495
  0.19166293076516819  0.21704554037894966  0.24895584694692863  0.29019984786352493
  0.34654457544979383  0.43641841785100843  0.59914573695869922  1.00000000000000000
 -0.00277202771474730  0.00985784049281148  0.02044874862991378  0.03122079412004580
  0.04156491658419007  0.05114076003577887  0.06007123068176479  0.06833371007701035
  0.07612651600200554  0.08405788968461560  0.09184258217489483  0.10023602826065046
  0.10943672727560085  0.11934486325311908  0.12924744773673916  0.13899771535646283
  0.14842615554676569  0.15800444285823664  0.16778544003972160  0.17805714217774463
  0.18845701081782773  0.19864694488979798  0.20900958362747546  0.21976112999510936
  0.23045100956515763  0.24105192645129930  0.25222801123117700  0.26418551451304922
  0.27621167536869778  0.28753877491688501  0.29832836973986943  0.30878683890868314
  0.31946650205600108  0.33090728517749907  0.34344360008353403  0.35512504756950647
  0.36494156656997168  0.37468246161164992  0.38473418542067589  0.39388083380562450
  0.40275179327457467  0.41166609355201106  0.42243543832245828  0.43486744263298682
  0.44665958137466127  0.45779582826065024  0.46935342423825405  0.48052801299185682
  0.49133558409371858  0.50284008077444597  0.51530006414532181  0.52784545700037910
  0.54027600369103379  0.55310315709491620  0.56590115608026104  0.57817545604878751
  0.59030704739396456  0.60177493689466510  0.61236347093166110  0.62236070483935768
  0.63307527630825655  0.64425304570684805  0.65574315824526652  0.66732320386079935
  0.67973637920327679  0.69226910976395462  0.70492670308652849  0.71464328626095797
  0.72366475611424974  0.73299165925754339  0.74223692701249822  0.75113620923000923
  0.76013433783362616  0.76882488446902963  0.78101872208449874  0.79294189162553907
  0.80401101775742045  0.81537060767222480  0.82646726433061635  0.83758433858288628
  0.84794136027369515  0.85912898137195004  0.87062747655011408  0.88204325636823999
  0.89302582203021508  0.90354883202028435  0.91384746977534859  0.92389542802496871
  0.93364432900086158  0.94311798585561513  0.95238705450140382  0.96190629752755197
  0.97173411378080121  0.98143284215021820  0.99077884141479666  1.00000000000000000
   4.8164507351219294E-012  -1.0000000000000000     
 F F F F F F F F F F F F F F F F F F F F F F F F
  <DiscreteSampler_grid>
  grouped_processes
  1 # 1 for a reference and 2 for a running grid.
  10 # Attribute 'min_bin_probing_points' of the grid.
  1 # Attribute 'grid_mode' of the grid. 1=='default',2=='initialization'
  0.0000000000000000 # Attribute 'small_contrib_threshold' of the grid.
  0.5000000000000000 # Attribute 'damping_power' of the grid.
 # binID   n_entries weight   weight_sqr   abs_weight
    10   10   9.467740738807680E-002   7.732344448499956E-002   9.467740738807680E-002
  </DiscreteSampler_grid>
