  0.00000929390160564  0.00000984656424139  0.00001029413054311  0.00001081336767846
  0.00001157758261289  0.00001250674603217  0.00001343114825963  0.00001441047418070
  0.00001554694300299  0.00001689403276914  0.00001830309992637  0.00001976430008557
  0.00002130203960036  0.00002297253665547  0.00002477110235113  0.00002669351800125
  0.00002877210663402  0.00003096179957113  0.00003331441991612  0.00003595652931927
  0.00003882272743959  0.00004188545270577  0.00004507936083562  0.00004833173374726
  0.00005181381251341  0.00005550912800276  0.00005902518718430  0.00006346264142839
  0.00006864494106279  0.00007445747404516  0.00008125145634081  0.00008832931131174
  0.00009518742563224  0.00010221310719019  0.00010938108244100  0.00011692202593585
  0.00012477980305236  0.00013282876553991  0.00014127839448734  0.00014981102543811
  0.00015829664858494  0.00016710568006833  0.00017608017680082  0.00018535729460276
  0.00019472583846944  0.00020474297244009  0.00021649367983982  0.00022922548858033
  0.00024240678555838  0.00025610804462629  0.00027040694509153  0.00028563468271552
  0.00030171921294906  0.00031827564982507  0.00033578719961280  0.00035476885461565
  0.00037526256116295  0.00039751735484208  0.00042233031728028  0.00045009972930147
  0.00047984955979141  0.00051245722253207  0.00054889944055214  0.00058692973693060
  0.00062796424962138  0.00067293555105666  0.00072120863114261  0.00077400496499995
  0.00083189125164380  0.00089724595159177  0.00097435580577456  0.00106406101407304
  0.00116600811482872  0.00127891089544411  0.00140405445852918  0.00154748013738060
  0.00171878574988285  0.00192706549628934  0.00217099834168562  0.00245821434250664
  0.00280595911864837  0.00323516046534503  0.00377406197148915  0.00442237201976102
  0.00521674713183160  0.00624698734972612  0.00762132245381829  0.00949000575574342
  0.01211261291565827  0.01608210108806065  0.02249869540552119  0.03344407357086806
  0.05675571363615668  0.13471817529273791  0.90980742074936849  1.00000000000000000
  0.00000108989820413  0.00000325892170212  0.00000547788444689  0.00000785831397114
  0.00001036152425231  0.00001288288932306  0.00001544873793809  0.00001833685589466
  0.00002142094593738  0.00002463052692549  0.00002794340817364  0.00003158733540569
  0.00003555995410459  0.00004010621213741  0.00004491229930417  0.00004981204999768
  0.00005497803145525  0.00006053169833665  0.00006648509058052  0.00007279861727342
  0.00007959463587301  0.00008682510033790  0.00009433887368502  0.00010194588392618
  0.00010976546882573  0.00011764826145616  0.00012520214827512  0.00013268090783596
  0.00014045131399695  0.00014848312789281  0.00015684992744350  0.00016556653959520
  0.00017443424644542  0.00018390348703973  0.00019477733778743  0.00020693465862863
  0.00021994703988826  0.00023377018705648  0.00024843747083405  0.00026445482101309
  0.00028090775793143  0.00029829233157097  0.00031661088052107  0.00033634962227137
  0.00035677632575847  0.00037800087917090  0.00040153793649141  0.00042759173484951
  0.00045860547502526  0.00049484074148411  0.00053238938144374  0.00057212455855743
  0.00061430008579659  0.00065743420525802  0.00069876589475084  0.00073959884407885
  0.00078419042554720  0.00083185086774539  0.00088091445249038  0.00093839234056863
  0.00100411063962087  0.00107418720910791  0.00115236937283543  0.00124079875828555
  0.00133876351666656  0.00145020176804636  0.00157817478311798  0.00172753102239228
  0.00189903404438854  0.00208675693799070  0.00228572901169140  0.00249650260173423
  0.00272940495320833  0.00299071703853769  0.00329664797065083  0.00368678635326501
  0.00411996332096306  0.00460094671883005  0.00513097145122276  0.00576745129097558
  0.00652215081012808  0.00742411391709666  0.00851179034144807  0.00982984838794897
  0.01142113665080010  0.01335152023714850  0.01583123332985973  0.01908888911879362
  0.02349029354652311  0.02953835022655611  0.03921953470277695  0.05545370647991517
  0.08789611266818048  0.17630101613431201  0.77525982394557291  1.00000000000000000
 -0.00200609269389198  0.00842965417688171  0.01753560952264080  0.02732517456913625
  0.03759136245981993  0.04740961160630033  0.05637350742089074  0.06552875643538934
  0.07540521893059950  0.08569612232770397  0.09557246876650875  0.10499288736130460
  0.11448328447093260  0.12412167277741569  0.13400095542317661  0.14425911234840044
  0.15520780624218336  0.16633646667649868  0.17706418084931672  0.18789208909600055
  0.19893274340762707  0.20982499666283108  0.22055387439235946  0.23147460241041365
  0.24272888508573318  0.25390690180436870  0.26475732930021528  0.27526892549836696
  0.28547329167578134  0.29546856661983362  0.30572311091885296  0.31658285883394593
  0.32755045348865341  0.33797675681776351  0.34810416366726382  0.35834976979220429
  0.36902704790241919  0.38008162804497048  0.39106833020156184  0.40209100851643237
  0.41293550276609448  0.42364916490747567  0.43442794140703206  0.44531053501003487
  0.45626032023593260  0.46719353899624638  0.47850828019460351  0.49033617483046699
  0.50210986091198773  0.51351057406115119  0.52484623743836401  0.53683360178294481
  0.54902031413987451  0.56115948945949146  0.57278699454081516  0.58376515234094761
  0.59308548109823944  0.60190049859269090  0.61081247384651438  0.61988435145467535
  0.62897271748334316  0.63827759194340528  0.64840657376318267  0.65978004859675732
  0.67096551342213118  0.68139477903538725  0.69174759404959529  0.70192401543962801
  0.71235126347207967  0.72288078488982965  0.73355229831519031  0.74438379421791157
  0.75507892717268854  0.76539746244894857  0.77556006060944693  0.78581804522797039
  0.79640452193888889  0.80723341070140286  0.81810257715850598  0.82883109090002660
  0.83941420461643856  0.84978249352227864  0.86014887513217397  0.87078609956764408
  0.88155778045320188  0.89322277357736479  0.90505193946293128  0.91705938104243889
  0.92883139732703590  0.94030656636086452  0.95137836007426235  0.96199073185968753
  0.97190024209772019  0.98163914031379462  0.99068978346169478  1.00000000000000000
 -0.00037077450834178  0.00437604147492632  0.00473792633294035  0.00497562372437536
  0.00516980645755734  0.00533912460135873  0.00548688594506456  0.00563148427360217
  0.00577531738710866  0.00591869518944506  0.00606002660039855  0.00620192915675996
  0.00634441727589000  0.00648712201592983  0.00663131185011951  0.00678109166724481
  0.00693858726260345  0.00709671525225320  0.00726129280724408  0.00743200159093092
  0.00760909478597211  0.00779679457478013  0.00798768704388511  0.00818207273646516
  0.00838181244378819  0.00859231190865329  0.00880603867786458  0.00902290432887418
  0.00924390277254690  0.00946920372375539  0.00969695824463170  0.00993195479817429
  0.01017607082939856  0.01043029873446998  0.01069318530619378  0.01096267181163968
  0.01123915672828234  0.01153038790315093  0.01182965204863800  0.01213655001879665
  0.01245259010273828  0.01278901841064772  0.01314167546923987  0.01350786251079556
  0.01388925871704948  0.01428429697262145  0.01469291082107675  0.01512572359555771
  0.01556537768866642  0.01602326531638636  0.01649905555261566  0.01699752779526332
  0.01752766362706079  0.01808170125859667  0.01865669372957870  0.01926186349829868
  0.01989384967838060  0.02054042927654399  0.02126733655840535  0.02203888164085104
  0.02284598620555892  0.02368952779726752  0.02458015546205062  0.02551917577175999
  0.02652514000812230  0.02756573337938203  0.02863808965517835  0.02975014633263883
  0.03092145806695155  0.03219904323923593  0.03356519873672381  0.03500565913259407
  0.03652939593056510  0.03814036227321555  0.03982733727884672  0.04169782395729362
  0.04413469980304063  0.04692030121101844  0.04986303676557249  0.05303516567955723
  0.05653368633234346  0.06039852062328141  0.06503044328830637  0.07053899761361217
  0.07673898584434617  0.08394497051196412  0.09319804513539261  0.10428509027170749
  0.11796154251490369  0.13565950676895702  0.15910105461985327  0.19308453231816319
  0.24439230505766407  0.33767891308627390  0.62251307221605323  1.00000000000000000
 -0.00191276561546100  0.00707881546941429  0.01640741044520331  0.02571112359411056
  0.03495576942797524  0.04442205598333144  0.05375067562714750  0.06285656663150478
  0.07171085279634450  0.08036045013361677  0.08961875007498772  0.09905814191102441
  0.10816487390261179  0.11705367812011064  0.12634534749470638  0.13580946278624897
  0.14515595750777091  0.15459161405438701  0.16438770383271392  0.17545734505203822
  0.18693684212504263  0.19819762955816958  0.20911858589203627  0.21991066640549786
  0.23096164332407143  0.24212938953934082  0.25313964417268736  0.26396952141313268
  0.27471840030057587  0.28544508258095169  0.29617641079175105  0.30710876962047662
  0.31862796329651905  0.33062845733517859  0.34275378395453970  0.35479006899882060
  0.36666475786924480  0.37887706178070513  0.39143481021841847  0.40325077147004751
  0.41425635169782710  0.42556429847585253  0.43701802329864164  0.44691913743760381
  0.45602490199609347  0.46535782954301030  0.47527643729978553  0.48481389121951435
  0.49463469025199330  0.50575307749121146  0.51814808855570360  0.53002438131149865
  0.54093243840737903  0.55127195530128681  0.56161581030449825  0.57287577879292084
  0.58530387929066463  0.59805290762509922  0.61041796261020687  0.62179350275498546
  0.63207201824585502  0.64219204312931288  0.65292995063648251  0.66321528052797174
  0.67298206884297485  0.68251368365731357  0.69339969909453725  0.70572202490837932
  0.71760694034363848  0.72928536658414111  0.74100239519730471  0.75267773796192616
  0.76397225205554842  0.77529970224444278  0.78636188597113155  0.79741546471514979
  0.80786330021757224  0.81789054483183099  0.82780251804126836  0.83790802071245984
  0.84811143706274872  0.85849097126405982  0.86887088005283764  0.87913093174528500
  0.88924274571995887  0.89921117843360898  0.90924019760970154  0.91929282363544551
  0.92919823055331341  0.93918607472298943  0.94933037784723395  0.95942921422017746
  0.96951900799412905  0.97997270603524123  0.99000654655177467  1.00000000000000000
   2.6975328620840612E-012  -1.0000000000000000     
 F F F F F F F F F F F F F F F F F F F F F F F F
  <DiscreteSampler_grid>
  grouped_processes
  1 # 1 for a reference and 2 for a running grid.
  10 # Attribute 'min_bin_probing_points' of the grid.
  1 # Attribute 'grid_mode' of the grid. 1=='default',2=='initialization'
  0.0000000000000000 # Attribute 'small_contrib_threshold' of the grid.
  0.5000000000000000 # Attribute 'damping_power' of the grid.
 # binID   n_entries weight   weight_sqr   abs_weight
    10   10   7.713851830497235E-001   3.543425958658160E+000   7.713851830497235E-001
  </DiscreteSampler_grid>
