  0.00009281701213693  0.00010177925010245  0.00010774800810255  0.00011310016781982
  0.00011840046220977  0.00012379056976183  0.00012940561290708  0.00013526762923439
  0.00014123641880966  0.00014752960929944  0.00015437522299268  0.00016212372813971
  0.00016945760328699  0.00017678018092721  0.00018400835249705  0.00019105010619412
  0.00019826522059270  0.00020549466606378  0.00021304456141855  0.00022080254409327
  0.00022854649361430  0.00023707595144121  0.00024480862967160  0.00025391119562645
  0.00026348670594524  0.00027313113955735  0.00028317392265463  0.00029359206258994
  0.00030413270724872  0.00031472123712679  0.00032600739502627  0.00033918044634906
  0.00035180617215743  0.00036482302852999  0.00037551190724400  0.00038554700568863
  0.00039582588396496  0.00040611976485470  0.00041713277649740  0.00042918916512193
  0.00044192883753990  0.00045496724347032  0.00046893466294695  0.00048259684266784
  0.00049784615854448  0.00051882783171603  0.00054512731490831  0.00057386010206113
  0.00060268137553375  0.00063198184721027  0.00066258008392201  0.00069369419745049
  0.00072747457951689  0.00076433736020231  0.00080364254965823  0.00084692442774294
  0.00089370821212853  0.00094261343588882  0.00099251193373740  0.00104612443044042
  0.00110498744347583  0.00116813899973468  0.00123727605074216  0.00131191030292305
  0.00139213035951585  0.00147917770421565  0.00157204703040305  0.00167520647365627
  0.00179513839026197  0.00193557944935784  0.00209496530181435  0.00226779626058702
  0.00245820324535524  0.00267604551737995  0.00292536496042851  0.00320724588244743
  0.00352791388781686  0.00390238982849613  0.00435027187958141  0.00488884952497650
  0.00552576864191234  0.00627764061327112  0.00717183213865660  0.00822947915613368
  0.00950092399159121  0.01122419367169330  0.01359131767290004  0.01667912416510330
  0.02082474464093139  0.02653970238839090  0.03532288514844568  0.04851938189241777
  0.06846340003943741  0.10632552690058410  0.20473766813260091  1.00000000000000000
  0.00000174426495727  0.00000370235130464  0.00000602330742339  0.00000876010863379
  0.00001162638624376  0.00001462004608436  0.00001776714629774  0.00002099287362704
  0.00002437343494999  0.00002795855103368  0.00003191803599208  0.00003578314642696
  0.00003957850962171  0.00004347116349542  0.00004779905179703  0.00005229292631937
  0.00005717123843331  0.00006245970141627  0.00006820977981882  0.00007431965087257
  0.00008083150629862  0.00008759957628328  0.00009434679851248  0.00010101814575982
  0.00010761510436567  0.00011431021575111  0.00012192179979958  0.00013126097356169
  0.00014184115005324  0.00015242078864174  0.00016345970183943  0.00017504456597867
  0.00018741028303661  0.00020067018037540  0.00021636623846877  0.00023383057780132
  0.00025264096917722  0.00027218634760862  0.00029129387646112  0.00031009748825240
  0.00033075821221385  0.00035149068793085  0.00037351019582629  0.00039812355900273
  0.00042409703484396  0.00045226196408128  0.00048367521714203  0.00051832172396573
  0.00055592956362895  0.00059533772254252  0.00063851178389011  0.00068450735431246
  0.00073248831467716  0.00078533546475661  0.00084282517546247  0.00090496398651086
  0.00098490102247927  0.00107246329917624  0.00116518581311002  0.00126497745452565
  0.00137389555360976  0.00149488926617285  0.00163103504226977  0.00177716909179025
  0.00193458650504487  0.00209824629953784  0.00227418089211802  0.00246172231324556
  0.00268375649213920  0.00293215556480170  0.00322465957319744  0.00353393880785813
  0.00386056518738613  0.00422596861781944  0.00465635768328544  0.00515700342337623
  0.00572325435659184  0.00633290038675469  0.00700540490462088  0.00780053511838891
  0.00881444858159092  0.01009631549163249  0.01158352567542031  0.01331746531802705
  0.01538126255876652  0.01791460043340749  0.02116116004471821  0.02560271243873434
  0.03178497766607750  0.04060034869226586  0.05297490867405838  0.07340369743365147
  0.11243702122483369  0.20240251065278289  0.84541221635176667  1.00000000000000000
 -0.00270892703606057  0.00977827325782553  0.02012625430738293  0.03128538797947591
  0.04270170836227598  0.05497309589811002  0.06635007755183184  0.07709588230561513
  0.08769645298321334  0.09884318384039013  0.10754791589735685  0.11448630984623706
  0.12169866182056858  0.12897993575509401  0.13618412997842991  0.14308171562521899
  0.14978997530848676  0.15666967889877037  0.16393527701968544  0.17361573292142352
  0.18747782506602378  0.20073853735930539  0.21396266340914744  0.22684857738316841
  0.23874878302842667  0.25022057021041894  0.26108137876657977  0.27173197019079476
  0.28223120239332000  0.29244633617118487  0.30216675984190855  0.31202125023747762
  0.32208469532697342  0.33188816726982123  0.34194140179317817  0.35195831163540531
  0.36287641520932501  0.37395137974246284  0.38497843883174737  0.39595056052061772
  0.40689497667358232  0.41785461801830137  0.42901326738036089  0.44067750377315357
  0.45268993239984223  0.46470233277527961  0.47633722286783303  0.48733903838873438
  0.49806871395776736  0.50932835606020410  0.52121691784650903  0.53265094227203402
  0.54348872814025395  0.55422972945927629  0.56522495156852204  0.57633585901631390
  0.58770655678696981  0.59905504657452746  0.61066539204863701  0.62240073648196692
  0.63348446493160016  0.64424106904959111  0.65464124740214691  0.66499363421257784
  0.67548761434281679  0.68616020696499513  0.69665353853883794  0.70737720830940887
  0.71786994126915182  0.72871949484781573  0.73900700672138064  0.74955006047742212
  0.75987029456310240  0.77060737357422349  0.78125464544196810  0.79133035864431411
  0.80170700314802124  0.81139643528794991  0.82202064624917692  0.83245481016936118
  0.84378745038588288  0.85463780480936169  0.86535098392680232  0.87587358122924008
  0.88639163774583152  0.89712773568239434  0.90679882545359780  0.91629912337389918
  0.92539058711042532  0.93436999239213980  0.94385291640384994  0.95387036139336001
  0.96523246539466134  0.97706208833996722  0.98838058217224101  1.00000000000000000
 -0.00048520640736177  0.00386721082098121  0.00432694655818423  0.00467597516028536
  0.00497793256390816  0.00525156086646613  0.00549830106150818  0.00575789774645467
  0.00602046969474332  0.00627272621682493  0.00651870564809669  0.00675808004475842
  0.00700094084857149  0.00724618674743884  0.00749866558432575  0.00775433165132899
  0.00801274425787468  0.00828304335670641  0.00856246794669511  0.00884901664099569
  0.00913215197357293  0.00941943304583043  0.00971033111000980  0.01000649161028208
  0.01031876055942949  0.01064649375857036  0.01099143198304057  0.01134598451655391
  0.01171246810154828  0.01208226990917373  0.01245948057292006  0.01287897637104535
  0.01330707777176044  0.01373979299768012  0.01417626616650821  0.01462013057896581
  0.01508048444655823  0.01555147813387923  0.01603663578629184  0.01653141888254457
  0.01704807188575988  0.01759224045247577  0.01815992955681429  0.01874576826987472
  0.01935757524992734  0.01997841870304216  0.02061201808508651  0.02133791992946068
  0.02211043181760977  0.02289957814929136  0.02371690306530765  0.02455964665903945
  0.02541884231633056  0.02630135106881135  0.02721803888212639  0.02816213446170978
  0.02913962975516044  0.03015201287803193  0.03119324503150391  0.03227674142954304
  0.03340249829933705  0.03456462501664975  0.03577682980538735  0.03703711448953145
  0.03834391406647455  0.03967097584780544  0.04098158995911387  0.04277694063059693
  0.04499262272998365  0.04731656106896836  0.04974702746118576  0.05230756358367959
  0.05498741754370949  0.05783986166986595  0.06084441242487245  0.06436633509455311
  0.06878393663391290  0.07341515856785233  0.07840919299432815  0.08371698553887089
  0.09044418500525381  0.09744235808467634  0.10523895268232920  0.11460620195306596
  0.12514006339825001  0.13735931913774960  0.15158615952076496  0.16815261742581600
  0.18863511409884551  0.21403729786505007  0.24629556250344953  0.28795489597395429
  0.34513778323075056  0.43432786058565814  0.59932125530496294  1.00000000000000000
 -0.00262498755785886  0.00916674569421916  0.01926976985211924  0.02846963796965797
  0.03765199976906436  0.04710180469760771  0.05670223423773756  0.06601700149375074
  0.07470228934137443  0.08344259110183530  0.09296921621514004  0.10318946168312912
  0.11380657682652714  0.12455787130948209  0.13514850171376475  0.14535951165889077
  0.15523483133521554  0.16506744589819689  0.17513547162838927  0.18567686769235026
  0.19676722737953692  0.20811568198564862  0.21912005574238011  0.22983068092620146
  0.24093010666743406  0.25247513470499022  0.26480196108219139  0.27703467755147593
  0.28781440304078071  0.29897150215980978  0.31003232211292470  0.32148805611678688
  0.33262795303111758  0.34326166765523902  0.35355087424514209  0.36419900059149035
  0.37515008240415421  0.38613423581884787  0.39723291452530096  0.40868849324504664
  0.42051884230938119  0.43273424587013154  0.44514269672885909  0.45772317016795189
  0.47085259147801339  0.48383300782342320  0.49586418672923582  0.50741419040199043
  0.51831257002773312  0.52956019883240002  0.54088378214698551  0.55329278012821581
  0.56602133349475214  0.57883531280980960  0.59187319930205273  0.60481809831350464
  0.61730421106640265  0.63016883651199840  0.64333323050961488  0.65471057540490796
  0.66548994688112262  0.67648212445754641  0.68782893185110872  0.69940377652403141
  0.71085052924492587  0.72272854742473580  0.73315120069081952  0.74309497768488597
  0.75273009092236631  0.76219083253873521  0.77188331953172762  0.78143856461977002
  0.79069526501702614  0.80009055903816984  0.80954857870332930  0.81960445092269907
  0.83014387058959371  0.84089163968585590  0.85139476318386031  0.85939171052940100
  0.86674745310460310  0.87423177427402787  0.88164844479118143  0.88890972963329851
  0.89597048127727486  0.90286121679562581  0.90949488249937627  0.91672490357305514
  0.92591499201321370  0.93609596374162363  0.94648281890826547  0.95725069621553360
  0.96837283908200433  0.97969871711298462  0.98998186393687848  1.00000000000000000
   4.7436366065654240E-012  -1.0000000000000000     
 F F F F F F F F F F F F F F F F F F F F F F F F
  <DiscreteSampler_grid>
  grouped_processes
  1 # 1 for a reference and 2 for a running grid.
  10 # Attribute 'min_bin_probing_points' of the grid.
  1 # Attribute 'grid_mode' of the grid. 1=='default',2=='initialization'
  0.0000000000000000 # Attribute 'small_contrib_threshold' of the grid.
  0.5000000000000000 # Attribute 'damping_power' of the grid.
 # binID   n_entries weight   weight_sqr   abs_weight
    10   10   7.338778378430018E-001   4.992010563812515E+000   7.338778378430018E-001
  </DiscreteSampler_grid>
