  0.00001305972114611  0.00001422288002699  0.00001519414157967  0.00001625346535468
  0.00001742257802104  0.00001867839389801  0.00002002149872840  0.00002132116432526
  0.00002259647655633  0.00002390925276127  0.00002542038810041  0.00002711058212411
  0.00002886239074512  0.00003061031593052  0.00003229147064000  0.00003403381868022
  0.00003666241224682  0.00003912345744499  0.00004161012914957  0.00004439925033090
  0.00004742818694921  0.00005054125475788  0.00005394534972634  0.00005768982802624
  0.00006143589784799  0.00006597770330747  0.00007142794013627  0.00007864130960280
  0.00008685393319288  0.00009553021754486  0.00010583009255107  0.00011646133106116
  0.00012751372393629  0.00013929018557496  0.00015258442116842  0.00016628915981783
  0.00017938933896612  0.00019093042744546  0.00020311068644850  0.00021593285734010
  0.00022751644253513  0.00023718610042291  0.00024680647378116  0.00025668572384616
  0.00026671247796557  0.00027731924848387  0.00028952208541518  0.00030030750092653
  0.00031826177329792  0.00033821167346806  0.00035819282530154  0.00037836630378438
  0.00039884738460397  0.00042079114964682  0.00044517229239418  0.00047243549150146
  0.00050261883075966  0.00053697409818796  0.00057634147285803  0.00061781956706243
  0.00066102188262263  0.00070642839559783  0.00075282490909434  0.00079775468589301
  0.00084692390749260  0.00090079279691469  0.00095697749261151  0.00102110004604373
  0.00110020048128154  0.00118965676289336  0.00128930238444519  0.00140559717912873
  0.00153975421123547  0.00169044145057179  0.00185966916274653  0.00206165848397313
  0.00227725456531740  0.00254724481904032  0.00283946487984382  0.00319208419074272
  0.00361125205845021  0.00411937126748019  0.00474602828854935  0.00555278501324960
  0.00657749858805974  0.00785735679758177  0.00959959045846324  0.01192636481164575
  0.01494494158516377  0.01956507205185627  0.02638064309760562  0.03735967318251815
  0.05672297684020530  0.09211729236680363  0.19611085694696276  1.00000000000000000
  0.00000151432743041  0.00000250712934632  0.00000389535464258  0.00000571600005866
  0.00000791058071380  0.00001030873267865  0.00001269377661298  0.00001538662107185
  0.00001823636127783  0.00002121318747654  0.00002458913173113  0.00002809872283421
  0.00003170987403136  0.00003541732400211  0.00003950253748547  0.00004373770297697
  0.00004821105555269  0.00005303405601774  0.00005830481925813  0.00006407397214316
  0.00007067281919031  0.00007760979835415  0.00008435285261298  0.00009146032356370
  0.00010032609041067  0.00011021452401451  0.00011972108548910  0.00012947322986524
  0.00013944629285418  0.00014983222456378  0.00016092399637145  0.00017215658420288
  0.00018352114752229  0.00019577853329829  0.00020795291644417  0.00021992699508068
  0.00023295791283195  0.00024574668857971  0.00025762113369233  0.00026897192137204
  0.00028157039168745  0.00029510891361144  0.00030958569026058  0.00032451241463535
  0.00034238811721926  0.00036669291828773  0.00039366921210854  0.00042200194839116
  0.00045123184443008  0.00048003467892245  0.00050950347261227  0.00053979733796591
  0.00057117161012713  0.00060476572824516  0.00064806409379308  0.00069944467274433
  0.00075107293562638  0.00080631152421349  0.00086378515364797  0.00092556483023530
  0.00099651924999570  0.00107807025898967  0.00116938021986882  0.00127101116264037
  0.00138515516665449  0.00151457100382108  0.00166875761540832  0.00184846929193538
  0.00204281725326203  0.00224849948468628  0.00247115488870074  0.00272571784927437
  0.00302477671973565  0.00337802607701924  0.00378351567372925  0.00425243091300794
  0.00478936443683515  0.00539825429529117  0.00610500314667476  0.00695007075338748
  0.00792284153405888  0.00902283132898557  0.01029078054668335  0.01186546734010923
  0.01403368419606743  0.01664368558399572  0.01991475883706353  0.02406634435807562
  0.02926110066852985  0.03710149590717752  0.04914499547749739  0.06870942711258456
  0.10672827064332691  0.19369301156734720  0.84470265963879498  1.00000000000000000
 -0.00254844406268796  0.00909137795715325  0.01992994199592846  0.03074574115210418
  0.04253497669652265  0.05441688677770122  0.06621549359954376  0.07793797635375002
  0.08795175251026043  0.09737062479669892  0.10684564954894259  0.11601867549624992
  0.12512918538358192  0.13398023910834189  0.14287536330113115  0.15269854440838421
  0.16309020493997395  0.17424011894625183  0.18598352907685631  0.19672376834791264
  0.20704006197312907  0.21809534725161595  0.22926159426830070  0.24024493317996831
  0.25046045304568176  0.26217497256632377  0.27280959587398235  0.28323824472925985
  0.29350957948470535  0.30463301141175414  0.31635712635248797  0.32821488261589671
  0.33957955827576175  0.35057824910158275  0.36154581708541605  0.37286481393895388
  0.38535282925285003  0.39816615137484712  0.41002083460725969  0.41986791303071502
  0.42700238475079844  0.43421596766032450  0.44120583972627653  0.44805726617641956
  0.45504912009940418  0.46195521231428349  0.46867962461862872  0.47541746364012455
  0.48327268633234316  0.49229313010455289  0.50156667140512246  0.51253671016042490
  0.52442718172141367  0.53664582186397691  0.54920600519689422  0.56170813067512881
  0.57401878142151286  0.58598293488665287  0.59641497646480546  0.60698764119251902
  0.61773927162069042  0.62872873969542464  0.63941588852137476  0.64995558278755583
  0.66113551964631201  0.67257343460272534  0.68442265494976318  0.69630571037018507
  0.70787611451833898  0.71957558552594481  0.73043341177331489  0.74075594776239806
  0.75076068799091256  0.76082648986664680  0.77146504908552305  0.78229337608761285
  0.79307571658258857  0.80390784671094218  0.81512146730657520  0.82679164448515585
  0.83743990042941252  0.84662007725253441  0.85644269096126435  0.86688033311048063
  0.87747699545665658  0.88769383634001009  0.89804056307206592  0.90929019600335226
  0.92101491118219714  0.93239833945450967  0.94408821086407668  0.95504867759598888
  0.96636797121280626  0.97760254824822246  0.98849989727258247  1.00000000000000000
 -0.00046467077749572  0.00411127197501703  0.00461397861802194  0.00493782445656929
  0.00521127756270919  0.00543479427838910  0.00565324960030662  0.00586477502678215
  0.00605567604988241  0.00623450808454232  0.00641910875556683  0.00660636930317934
  0.00680244063426532  0.00700219674643407  0.00720484363304084  0.00741370004564526
  0.00762414797276059  0.00783661774634362  0.00806317783499797  0.00829352370392053
  0.00852639414655136  0.00876277702689861  0.00900804675782274  0.00927764637233822
  0.00955068300063635  0.00983215497288732  0.01013419972851701  0.01044686489420761
  0.01076535659494939  0.01108927959066179  0.01142732853608142  0.01177506386657456
  0.01213142126885394  0.01249420950788120  0.01287189345101196  0.01326597295686653
  0.01367540133405031  0.01409817285350680  0.01452833126662772  0.01498294863453820
  0.01545216703834240  0.01593544881003331  0.01643050919035586  0.01694013066088570
  0.01748145246092143  0.01804084153953222  0.01862314502817583  0.01924512463444459
  0.01987789635461369  0.02051032492841525  0.02122681643238330  0.02200480973958415
  0.02280481650944800  0.02364086091432160  0.02451440354024628  0.02540954017195902
  0.02633034399710958  0.02728714864508364  0.02827837701384610  0.02931413466643279
  0.03038954872822106  0.03150848345036174  0.03268847525333590  0.03392251021127122
  0.03519086035440910  0.03649431012157955  0.03785067395774877  0.03925039618980170
  0.04064007203581848  0.04231894748142792  0.04468033449240386  0.04723976683198260
  0.04993005508008880  0.05278552311182899  0.05580958835053543  0.05899214672843648
  0.06240418796659526  0.06684790576320525  0.07167991925290133  0.07693664190888246
  0.08260745746552951  0.08965681731314781  0.09735102230739595  0.10600980696647323
  0.11656664885153158  0.12860530234518680  0.14281573316760462  0.16036143652747467
  0.18107165525073152  0.20629351322250397  0.23880510636171909  0.28119571807935628
  0.33986200786763876  0.43114176981946961  0.59889504855508580  1.00000000000000000
 -0.00234402202744085  0.00903135916058175  0.01814565515793207  0.02790499004631247
  0.03747033801329213  0.04890996840640673  0.06013910741679122  0.07117240331353489
  0.08175931044987118  0.09196962998398325  0.10208705322774529  0.11205869364180153
  0.12180582019605229  0.13128510910551938  0.14047983112170337  0.14975470301041305
  0.15905198837269197  0.16820695349688380  0.17710450278664538  0.18636800434932155
  0.19643848781549644  0.20645252843097436  0.21588434399294215  0.22519925079500092
  0.23520772735676618  0.24665161235944383  0.25802421630107542  0.26891379096020523
  0.27951065015633519  0.29006852984064307  0.30098562680511037  0.31244965019493037
  0.32463883582167430  0.33752333952557134  0.35080054817360662  0.36395695661365307
  0.37658867150236830  0.38917641118287399  0.40198182752446154  0.41518470285000997
  0.42868297686173362  0.44199468488979576  0.45459643143902795  0.46621800140344283
  0.47761989223014012  0.48917324082031410  0.50147419413080496  0.51460854074913531
  0.52763127487039363  0.54051760828515849  0.55306226323785457  0.56544461317909855
  0.57748287175322188  0.58869902345656022  0.59870036138864935  0.60874173412834320
  0.61889675260988575  0.62961439979848843  0.64053198863355143  0.65071928184457850
  0.65996172268306841  0.66912574128499980  0.67876865295509825  0.68841892752055855
  0.69788456588263215  0.70747762197196551  0.71949934628830903  0.73143233059273527
  0.74348244991110934  0.75586543077572788  0.76772706053863349  0.77917798419002537
  0.78992036734804627  0.80030766953492694  0.81076403942273090  0.82167523613616733
  0.83206257567134867  0.84012190574679746  0.84725797844918738  0.85431116927291673
  0.86108689207251898  0.86770701463072952  0.87465366423634894  0.88155350001069455
  0.88799103744056040  0.89409093299425779  0.90126674201569357  0.91010753733395644
  0.92018953341119525  0.93112013466837507  0.94266152357258504  0.95442435575372109
  0.96614972646175346  0.97769408944829395  0.98892588688485084  1.00000000000000000
   5.3602216148119751E-012  -1.0000000000000000     
 F F F F F F F F F F F F F F F F F F F F F F F F
  <DiscreteSampler_grid>
  grouped_processes
  1 # 1 for a reference and 2 for a running grid.
  10 # Attribute 'min_bin_probing_points' of the grid.
  1 # Attribute 'grid_mode' of the grid. 1=='default',2=='initialization'
  0.0000000000000000 # Attribute 'small_contrib_threshold' of the grid.
  0.5000000000000000 # Attribute 'damping_power' of the grid.
 # binID   n_entries weight   weight_sqr   abs_weight
    10   10   1.776539225009839E+001   3.153706743122240E+003   1.776539225009839E+001
  </DiscreteSampler_grid>
