  0.00280506931021615  0.00293655730870087  0.00305647609807532  0.00318162775209694
  0.00331139495426098  0.00344470463155060  0.00358136893114803  0.00372171126533088
  0.00386779481232682  0.00401955469080516  0.00417523939815430  0.00433585905556633
  0.00450332905239665  0.00467666572216082  0.00485626593441171  0.00504366657473458
  0.00524046720836137  0.00544377779337289  0.00565297166819681  0.00587329526156519
  0.00610334624387086  0.00634226390970594  0.00659080138489875  0.00685108145253582
  0.00712247067063265  0.00740219902917698  0.00769278263889251  0.00799827339161312
  0.00831741816880835  0.00864907261304827  0.00899570410220320  0.00935797747408455
  0.00973691361644626  0.01012902179638977  0.01053748029661650  0.01096647402016691
  0.01141431399452185  0.01187962542904743  0.01236609986157784  0.01287690172734830
  0.01340979385225012  0.01396327460217341  0.01454250591102700  0.01515528433722716
  0.01579785129457544  0.01646734256361287  0.01716748152383753  0.01790747863404683
  0.01868395382650383  0.01949579349402544  0.02034956636516678  0.02125438717099083
  0.02220381253325289  0.02319833497113671  0.02424227490567749  0.02534822831941652
  0.02651739639852863  0.02774566241944108  0.02904633113343607  0.03043043102139011
  0.03190454507409420  0.03346246253880720  0.03511128984750145  0.03686877796605470
  0.03875702990184559  0.04077839725818448  0.04292373851550103  0.04521592453689582
  0.04767250843330374  0.05031739284338899  0.05317839438492297  0.05626722523938399
  0.05962551989632047  0.06327674795860971  0.06725523107498900  0.07160863852133129
  0.07642558568169418  0.08180638435608825  0.08773395027441164  0.09430803885702140
  0.10162380980327365  0.10990347982723307  0.11921424256338331  0.12961527124886235
  0.14101804440724841  0.15404700888699463  0.16968138513541123  0.18805187477018515
  0.20912032672931596  0.23474117797931812  0.26742558134026917  0.30934941486348838
  0.36809056924355738  0.45914605739270953  0.82139199663927220  1.00000000000000000
 -0.00247336707720294  0.00936494194933885  0.01944799799950285  0.02998152361369889
  0.04049596826993902  0.05112391718733914  0.06179307604134366  0.07234789814180836
  0.08292106585275716  0.09354632675204734  0.10420847876276509  0.11471968299236893
  0.12524564258674761  0.13583416192809683  0.14641273649039055  0.15683532111175930
  0.16733443404135206  0.17777741150403811  0.18832694507654227  0.19880145637575403
  0.20934426585493693  0.21990477537457281  0.23033845397341310  0.24078085527411813
  0.25120717725230768  0.26178535266521646  0.27234429469142413  0.28295959728342052
  0.29359795914531328  0.30418231231100751  0.31472703079459519  0.32519580783769964
  0.33573662302424123  0.34624552245143869  0.35672261938152661  0.36713306838242810
  0.37753351586952638  0.38807451995065828  0.39864790729688993  0.40917797029838276
  0.41964677497077119  0.43017418265260998  0.44077578257997752  0.45130581330350172
  0.46186981621897305  0.47247155555834358  0.48312992053051179  0.49368102963112365
  0.50422805719975106  0.51476035865742020  0.52527983750627316  0.53576083490690984
  0.54626254292763621  0.55684461729922552  0.56750491309430307  0.57815794865708492
  0.58882950761050690  0.59943560002747753  0.61012275006545658  0.62066652243489784
  0.63123912950205974  0.64180114563229373  0.65246736336226951  0.66308960869123545
  0.67366205985694549  0.68424041689441362  0.69490801324320817  0.70559032114993692
  0.71622460278892197  0.72675434956665408  0.73734418489730302  0.74789486117029491
  0.75838244488446382  0.76881596899061777  0.77935439850799493  0.78993363982837472
  0.80049062069304899  0.81108510678993617  0.82167891130174497  0.83223500255133975
  0.84267430389728792  0.85314351344034878  0.86363636675837840  0.87414567136956345
  0.88475225147165515  0.89520265984148817  0.90562909777930833  0.91603944385070690
  0.92653749450064715  0.93720603144062464  0.94773243051636935  0.95834748373304668
  0.96880471792814982  0.97923979575966025  0.98962698294133333  1.00000000000000000
  0.12366267356505441  0.13244420842379151  0.14020740228231277  0.14814888910204305
  0.15613081197802378  0.16413567357695363  0.17219605081843020  0.18027647370588576
  0.18839155705262087  0.19653908275228843  0.20471857817884115  0.21294932850047077
  0.22122061364743112  0.22952159238763770  0.23785782432966840  0.24621801443137040
  0.25459388787423021  0.26298789533761108  0.27140518113252582  0.27987400335282847
  0.28838450631212886  0.29693726633639822  0.30551355226273613  0.31409342552367914
  0.32270295622430972  0.33135602878466403  0.34006208660044018  0.34879262942837980
  0.35753258776331420  0.36627652323019827  0.37502863682836773  0.38380227472851991
  0.39260949554356062  0.40144556907603651  0.41030888408105387  0.41921774744681234
  0.42817921331666020  0.43716695400976696  0.44617454029722231  0.45520269291608900
  0.46426799599703095  0.47334695812919197  0.48240662432755077  0.49147371506886522
  0.50057263714674805  0.50971360662241261  0.51883875263751811  0.52792071041720534
  0.53702879955598382  0.54619439115569812  0.55535970374310306  0.56446576626319900
  0.57357842778704782  0.58273534928220827  0.59193349491670966  0.60113464846060927
  0.61035363790712838  0.61959762347135350  0.62883322011034726  0.63805352134294824
  0.64729515585411834  0.65664073039031812  0.66603310757864909  0.67536913677918597
  0.68463894421096716  0.69392420449182113  0.70324896212734900  0.71266163904261093
  0.72210993743861229  0.73160690143955620  0.74112758216117625  0.75070528702144423
  0.76038971248561504  0.77009385823096799  0.77979250046821880  0.78949176233121576
  0.79921773039653043  0.80899087940081760  0.81882476387410452  0.82869177329606947
  0.83857520597927659  0.84852559907797842  0.85855118702839517  0.86868575930965608
  0.87896122734091031  0.88942974237242489  0.90019192945506665  0.91131479468822818
  0.92261065593293401  0.93367526741347862  0.94358072023782769  0.95241392047077922
  0.96117885761107125  0.97084224849482104  0.98330457365658708  1.00000000000000000
   1.6932161784515487E-003  -1.0000000000000000     
 F F F F F F F F F F F F F F F F
  <DiscreteSampler_grid>
  grouped_processes
  1 # 1 for a reference and 2 for a running grid.
  10 # Attribute 'min_bin_probing_points' of the grid.
  1 # Attribute 'grid_mode' of the grid. 1=='default',2=='initialization'
  0.0000000000000000 # Attribute 'small_contrib_threshold' of the grid.
  0.5000000000000000 # Attribute 'damping_power' of the grid.
 # binID   n_entries weight   weight_sqr   abs_weight
    10   10   2.927998432766130E+010   2.754029615432817E+021   2.927998432766130E+010
  </DiscreteSampler_grid>
