  0.01416810649056132  0.02603517979944719  0.03801383059181068  0.04493546453311183
  0.04866830976959681  0.05237107135317878  0.05600396377234445  0.05952774228112571
  0.06299038986842191  0.06640810082667194  0.06993406815499165  0.07354224761729836
  0.07715695210855911  0.08078535193418479  0.08450354274839068  0.08836510889920030
  0.09217030819746684  0.09603679873427536  0.09996538539777566  0.10391874213186078
  0.10796403123600413  0.11212496088040615  0.11634064088056555  0.12056705570609780
  0.12484442629687392  0.12926822724849055  0.13382813962887835  0.13844311977716292
  0.14308325198296867  0.14778265888254816  0.15257898407715484  0.15741022761461398
  0.16226221133745961  0.16718739529229015  0.17219684697940738  0.17726480415222692
  0.18235954608240904  0.18751284410486585  0.19275579158578299  0.19812360498728854
  0.20359818311982697  0.20913292112214629  0.21471351492615590  0.22040243939363505
  0.22624047005401410  0.23223885810727748  0.23837694386391112  0.24456721308212881
  0.25077860191885759  0.25706924593065555  0.26342631226531149  0.26985712328840045
  0.27636718197017085  0.28290933836967630  0.28954450833148487  0.29628676010671767
  0.30317521467461256  0.31029216160133222  0.31753268158935050  0.32493193174361756
  0.33255224008787443  0.34035919740145537  0.34832016058629589  0.35640491442532618
  0.36462697129747190  0.37299897754779132  0.38153882157989233  0.39026455906489405
  0.39913568972440294  0.40811334425194518  0.41719744719263185  0.42639747960436453
  0.43581815919638350  0.44569312519149196  0.45590007579038083  0.46653873865757278
  0.47713802238242015  0.48796970960698466  0.49931188483548267  0.51119645747234821
  0.52365966288578947  0.53621228631509343  0.54901888886902128  0.56243916828746099
  0.57652648102884463  0.59209471752983933  0.60858291397891684  0.62629073742957331
  0.64510642934481510  0.66586674169547466  0.68953448555612129  0.71803776809311692
  0.75159870968641718  0.79354263062488961  0.85807984069623033  1.00000000000000000
 -0.00248662985759492  0.01008213690900378  0.02064741784484371  0.03124951530179412
  0.04181475506844472  0.05207496641367643  0.06264352197009533  0.07336205790411872
  0.08404786198526570  0.09452354879038438  0.10488506568991780  0.11548555834811730
  0.12596889362542033  0.13638977164484575  0.14660229260458776  0.15702990505794445
  0.16728808797822714  0.17807824759306146  0.18896704320656760  0.20024734460607746
  0.21141135218755983  0.22233599401807536  0.23339206545572500  0.24415838483129854
  0.25459321304311316  0.26449109869726495  0.27454641116521145  0.28472324284304446
  0.29478758777190583  0.30495498516449315  0.31530219655087310  0.32609370120256387
  0.33673085832359856  0.34696716077317230  0.35726448091739382  0.36733208192006572
  0.37747205873137901  0.38762219993893093  0.39785629425719493  0.40827689466515532
  0.41890244331744148  0.42965259951200652  0.44027352607299608  0.45085235014771702
  0.46173992573380307  0.47267099633245213  0.48332823279384890  0.49365373254363221
  0.50423630176630541  0.51524506213303456  0.52628775985263054  0.53652899136753418
  0.54669952930703924  0.55678609259304779  0.56764261929383975  0.57855033567212599
  0.58924832466433286  0.59972012559835453  0.61004591060787106  0.62048205533935741
  0.63098166439785042  0.64139381494433245  0.65195040144943994  0.66257333769792581
  0.67360450571322994  0.68446717652252964  0.69530514609004379  0.70604368163427467
  0.71677730295383990  0.72753573775230551  0.73811348174839031  0.74872566377360439
  0.75918508341308732  0.76952992642761886  0.77964901439838330  0.78967493192045413
  0.79984591940135796  0.81021468710629219  0.82055482714350414  0.83090555347966877
  0.84114468922216645  0.85151565154090791  0.86215933172890380  0.87287380428418437
  0.88353157212302025  0.89416051929092477  0.90462155434180858  0.91511433784291563
  0.92539538132040811  0.93583790762754615  0.94633592023320012  0.95694480503024015
  0.96771541093755387  0.97850399720486114  0.98913770893905950  1.00000000000000000
  0.13185187535966550  0.13302388577713822  0.13419589619461098  0.13566975041268994
  0.13966712034426562  0.14366449027584130  0.15594755446100239  0.17217240351572674
  0.18757647379386627  0.20240998127693058  0.21622523314497194  0.22919220650079830
  0.24172537793729157  0.25384266772846215  0.26526424871148419  0.27634738792865920
  0.28729718315536468  0.29797305745595609  0.30845099649033353  0.31867968721407625
  0.32860438799651714  0.33816093030259214  0.34757400862758803  0.35690801521793963
  0.36611894659421668  0.37525859918017701  0.38434753244064668  0.39335230588451209
  0.40226722496770373  0.41096230697814728  0.41955641149576584  0.42797499057728006
  0.43637329833616900  0.44487043034923557  0.45333122082557564  0.46171367025720467
  0.46987788218358434  0.47794546391698833  0.48594533222795500  0.49388234060376146
  0.50179086222337754  0.50969129938818125  0.51761205539749477  0.52549445403661166
  0.53328611747198851  0.54105251862011194  0.54881394014053253  0.55654686341465576
  0.56432842242628567  0.57224435388926920  0.58016851744080133  0.58798508204526367
  0.59570696883233154  0.60344241233810159  0.61123728606717587  0.61904011779147539
  0.62678950893069851  0.63445677728421523  0.64202921156388937  0.64963841153698565
  0.65735354093629628  0.66524075357103463  0.67336368220927989  0.68158534330764708
  0.68974854372913741  0.69789411726614192  0.70607689656674844  0.71445971883666304
  0.72289159362296485  0.73138449600597055  0.73993746364848412  0.74859443086004684
  0.75737102162780556  0.76627567914852568  0.77536137204668854  0.78463694321030830
  0.79396805653297242  0.80336712651208975  0.81283343762949989  0.82230593988683531
  0.83178700957581631  0.84131679217437416  0.85096197360552506  0.86094196850133398
  0.87091873078585391  0.88111036751070193  0.89170601761987545  0.90312055473251229
  0.91524866271276384  0.92744626457744439  0.93898665468968212  0.94922296011295593
  0.95892974203410475  0.96925238843127981  0.98204653960857768  1.00000000000000000
   2.2786233918375133E-005  -1.0000000000000000     
 F F F F F F F F F F F F F F F F
  <DiscreteSampler_grid>
  grouped_processes
  1 # 1 for a reference and 2 for a running grid.
  10 # Attribute 'min_bin_probing_points' of the grid.
  1 # Attribute 'grid_mode' of the grid. 1=='default',2=='initialization'
  0.0000000000000000 # Attribute 'small_contrib_threshold' of the grid.
  0.5000000000000000 # Attribute 'damping_power' of the grid.
 # binID   n_entries weight   weight_sqr   abs_weight
    10   10   6.275671928012103E+007   4.649440409402563E+015   6.275671928012103E+007
  </DiscreteSampler_grid>
