  0.00001029342257768  0.00001198611594560  0.00001316099215004  0.00001418183114556
  0.00001518091269710  0.00001622468427247  0.00001729415014727  0.00001839697702132
  0.00001956395534583  0.00002083968116223  0.00002224844379540  0.00002379604133524
  0.00002549167370298  0.00002735718737268  0.00002927289130607  0.00003124930988097
  0.00003364550608087  0.00003644865251294  0.00003960399350824  0.00004269582704869
  0.00004578161143295  0.00004890645099316  0.00005220324909005  0.00005596374413619
  0.00005965008362303  0.00006441915699211  0.00007123033679113  0.00007925177599444
  0.00008759541276241  0.00009577852446189  0.00010304504091039  0.00011029976340608
  0.00011808293338413  0.00012605841676147  0.00013428825174285  0.00014307459077953
  0.00015128686627060  0.00015995623843407  0.00016959053208570  0.00017982314138316
  0.00019026166756556  0.00020067524856972  0.00021129453911480  0.00022243460331412
  0.00023510248532948  0.00024827848142200  0.00025887018486975  0.00026892068263936
  0.00027931452540705  0.00029026427485675  0.00030152285982184  0.00031415826713526
  0.00032692347662544  0.00034087259727311  0.00036077842789647  0.00038294199428389
  0.00041107783568171  0.00043824678096746  0.00046490850448223  0.00049233595721212
  0.00052235053753226  0.00055355604367683  0.00058866079451906  0.00062577278893751
  0.00066925065198671  0.00071819518574236  0.00077673462863110  0.00083970949844868
  0.00090442181732821  0.00097751161750162  0.00105890137101380  0.00115590414498563
  0.00127605931788201  0.00141510592692407  0.00156515918258427  0.00172259986347801
  0.00189899552003875  0.00211529405942862  0.00238108973884829  0.00268871097401086
  0.00307088349233997  0.00356485571443014  0.00417164254832954  0.00489095152311364
  0.00580168668566484  0.00696882729191454  0.00846170380053102  0.01034937179168827
  0.01322141337913617  0.01741516238288968  0.02371265119282457  0.03401912844425524
  0.05232687115442551  0.08671398482879009  0.18832485570672922  1.00000000000000000
  0.00000128810942250  0.00000304318992105  0.00000500272924479  0.00000715677689166
  0.00000936964835968  0.00001154633504881  0.00001373972237614  0.00001600392303619
  0.00001835879251726  0.00002081719208773  0.00002336763827523  0.00002596774649044
  0.00002858116643634  0.00003122970854085  0.00003412096015861  0.00003740689400568
  0.00004101829452121  0.00004481097988229  0.00004883515241810  0.00005310585181807
  0.00005748228948791  0.00006149160710447  0.00006791133689616  0.00007655251842412
  0.00008560640105447  0.00009520323273898  0.00010401423675048  0.00011298115262018
  0.00012187771293318  0.00013051533648499  0.00013927027732155  0.00014849757800657
  0.00015849076386929  0.00016916915851381  0.00018175914000202  0.00019418476191812
  0.00020779996810355  0.00022240675396946  0.00023774313895916  0.00025408493400182
  0.00027143863813147  0.00028985655665598  0.00030997522567557  0.00033251733599524
  0.00035741104092329  0.00037863400432110  0.00039740994315745  0.00041647872686748
  0.00043624727826041  0.00045670312307134  0.00047866799613187  0.00050213805894822
  0.00053161393816439  0.00056777552654692  0.00060921350374043  0.00065665109072186
  0.00070889747370148  0.00076349380859241  0.00082131306615191  0.00088224384210508
  0.00095373053772248  0.00103336315357420  0.00112090876995160  0.00121832444502315
  0.00133000119855885  0.00145372265604136  0.00158737133197154  0.00173263643783335
  0.00188794956708789  0.00207288091883266  0.00226639295709583  0.00248931998701829
  0.00274460801652048  0.00304542017023286  0.00337751524847551  0.00373467478546587
  0.00413226758409075  0.00458784505026297  0.00511362900747376  0.00572536966629933
  0.00645611150832589  0.00736557393982461  0.00845479824412104  0.00982103760925299
  0.01143666729717324  0.01330100697191900  0.01563924703603509  0.01865208391573118
  0.02246733173501162  0.02782305181414162  0.03584668883754850  0.04787081093787220
  0.06693168519472445  0.10544622301486718  0.20672163703791030  1.00000000000000000
 -0.00323261194887262  0.01068430804369882  0.02315743633556354  0.03488850426923186
  0.04623099712100196  0.05716697647769873  0.06837152391454089  0.08006022187930459
  0.09137874939019672  0.10213997004902688  0.11263168598436220  0.12292730578746136
  0.13358853865826209  0.14517908195942250  0.15772659269517092  0.17030347323440845
  0.18263825560642793  0.19475036693098330  0.20637479601211131  0.21782883215049287
  0.22938237556555552  0.24123922605955339  0.25254077321117119  0.26043637173810325
  0.26889198588898289  0.27793033807559153  0.28731618403263698  0.29633763140954034
  0.30498500071823970  0.31467268892177036  0.32587395952018905  0.33731883712199956
  0.34846478355734856  0.35937136329021324  0.37011563582703361  0.38064195904366549
  0.39099100210482129  0.40123352950527391  0.41197944519841878  0.42285635358866414
  0.43418441732857471  0.44612920076627727  0.45863166264580607  0.47068029226335806
  0.48224037947206549  0.49390625510104119  0.50398529021751304  0.51261299366611979
  0.52070716516033222  0.52872237381773124  0.53735489933401459  0.54559051221899735
  0.55251918862207405  0.55898369420476535  0.56578215928501485  0.57323140445762244
  0.58052566898199032  0.58794535506298984  0.59525035664855830  0.60263610175772064
  0.61378594557348853  0.62688833073145067  0.63937475373428154  0.65099748117519551
  0.66180863802279932  0.67280486616287716  0.68430177187921448  0.69623219615847487
  0.70825341087727545  0.71914411523099508  0.72947694007909725  0.73987904247161074
  0.75046322968916623  0.76129716877628983  0.77243209869597140  0.78389847993157658
  0.79573650368214144  0.80775400331364722  0.81968510566033970  0.83175844538712440
  0.84414551837254903  0.85674110361914990  0.86920352012956681  0.88071427768792665
  0.89104970645494541  0.90139596509531872  0.91170889617535078  0.92191243880889728
  0.93185856406541823  0.94193087283072063  0.95217522438866575  0.96217335096503365
  0.97189469768028003  0.98137532378799774  0.99079947853348571  1.00000000000000000
 -0.00046359437513234  0.00415797668152938  0.00458969169482723  0.00491339433794007
  0.00515029749674048  0.00537360664667117  0.00558090817871814  0.00578928979122361
  0.00599837532707286  0.00619163792223406  0.00638277433550777  0.00657290449729589
  0.00676433385302389  0.00695682070609433  0.00717231049575747  0.00739290011686709
  0.00762057980327095  0.00785315431372707  0.00808978844541068  0.00834206444413280
  0.00859708158302469  0.00885486804399862  0.00912332276548401  0.00940010929099822
  0.00968414468021600  0.00997291690333087  0.01027723878278291  0.01059350456536244
  0.01091730228642861  0.01126279529273414  0.01161977253693606  0.01198367040100475
  0.01236463449441050  0.01275340978287267  0.01315633130687757  0.01357457795145853
  0.01399780798022608  0.01443677798623652  0.01488721486367709  0.01535771300079536
  0.01584886467289602  0.01634761879877892  0.01686368498018004  0.01739575608782820
  0.01794603630630393  0.01851889085333309  0.01910805120343477  0.01970583025904012
  0.02032308001156516  0.02099141444113997  0.02171822757412310  0.02249248268629614
  0.02330678536253120  0.02415282213292117  0.02503138341926722  0.02596114215802415
  0.02692050532878297  0.02790838681293892  0.02892744483545636  0.02997718588130900
  0.03106172236335756  0.03219227523375224  0.03337423793863886  0.03459196470871772
  0.03586746485114686  0.03718057884064336  0.03854344396771266  0.03994064313492007
  0.04145326042952872  0.04338058278067507  0.04557308962414212  0.04784642379278190
  0.05028425039434214  0.05286836360654763  0.05558393123861892  0.05842338967917766
  0.06135483195515504  0.06534316234116461  0.07026624097612991  0.07557624780004585
  0.08132361889056673  0.08817400872560231  0.09606750324567821  0.10491709809391811
  0.11544247927894614  0.12722577304227473  0.14176930800375737  0.15876616014818143
  0.17986114225661326  0.20563054305669443  0.23798183673237017  0.28030739302774704
  0.33901826142299429  0.43097515486428750  0.59889721012363772  1.00000000000000000
 -0.00257834556256599  0.00957066025813685  0.01926433941179405  0.02642814124240045
  0.03322380148082642  0.04049846497107430  0.04767936831266225  0.05505544954276078
  0.06255077206162078  0.06969320464200696  0.07646834652167117  0.08370533908121007
  0.09284108752911041  0.10234709007773930  0.11134737469571736  0.12044966103905695
  0.12994331712607818  0.13948620654517818  0.14794571150582775  0.15555881090464735
  0.16360436548736035  0.17212292522126832  0.18038399930259003  0.18845210073901048
  0.19663157645410481  0.20528930324619651  0.21497144920354558  0.22547559403318365
  0.23639919123856806  0.24778339264675583  0.25978572643637887  0.27226515244283894
  0.28500147187062386  0.29808593177451154  0.31096450396814157  0.32325301644283388
  0.33506361377008992  0.34678316366526724  0.35880616045023550  0.37114375577328534
  0.38430468399891904  0.39795324549551248  0.41152867344663935  0.42466861319335597
  0.43732633937997129  0.44978414191551863  0.46213636280590364  0.47402789237614973
  0.48538970153420402  0.49659539819865245  0.50812552838574521  0.51970356356132308
  0.53104015174128494  0.54325042537500312  0.55687727616440463  0.57019286170565919
  0.58308842137835493  0.59573459026305864  0.60887477430289161  0.62240363371009289
  0.63606864796676676  0.64965866699557084  0.66320559948788516  0.67654089516879756
  0.68894993689828066  0.69996770164171151  0.71046050840262431  0.72133117489499765
  0.73260820976965324  0.74347722606141597  0.75340568994378154  0.76256476477867852
  0.77207521917348332  0.78244914858490189  0.79250948745021321  0.80062425204753940
  0.80837936253602882  0.81641810028861173  0.82481572501661637  0.83316142669518789
  0.84115842652726824  0.84872858474021839  0.85750994296681116  0.86869642823272686
  0.87965684608431927  0.89045856298416870  0.90104131110268126  0.91096331011992748
  0.92061661126632210  0.93046348794101297  0.94094631510636528  0.95232419645131594
  0.96401573925397221  0.97560232074844533  0.98739958213228707  1.00000000000000000
   5.3420518623908535E-012  -1.0000000000000000     
 F F F F F F F F F F F F F F F F F F F F F F F F
  <DiscreteSampler_grid>
  grouped_processes
  1 # 1 for a reference and 2 for a running grid.
  10 # Attribute 'min_bin_probing_points' of the grid.
  1 # Attribute 'grid_mode' of the grid. 1=='default',2=='initialization'
  0.0000000000000000 # Attribute 'small_contrib_threshold' of the grid.
  0.5000000000000000 # Attribute 'damping_power' of the grid.
 # binID   n_entries weight   weight_sqr   abs_weight
    10   10   1.130540724531340E-001   9.472821049330551E-002   1.130540724531340E-001
  </DiscreteSampler_grid>
