  0.00278534557741175  0.00284211236413219  0.00296324657193125  0.00308720057449527
  0.00321483488503021  0.00334459936076679  0.00347730051533480  0.00361422786411789
  0.00375568683026263  0.00390202333147841  0.00405198455840377  0.00420833336215885
  0.00437110996336696  0.00453936837114916  0.00471324208063687  0.00489382455194357
  0.00508218300602933  0.00527834365517301  0.00548173199553692  0.00569565887999368
  0.00591909854161684  0.00615016136855627  0.00638912006520373  0.00663765023044696
  0.00689663664914485  0.00716520625477226  0.00744331618942457  0.00773579464899221
  0.00804260579018574  0.00835973082384713  0.00868958845151455  0.00903638572714699
  0.00939815590228847  0.00977309719340106  0.01016226128946507  0.01057487073042688
  0.01100082475331291  0.01144175028347838  0.01190674003579855  0.01239286246225391
  0.01289770334880954  0.01342345084687764  0.01397459699982122  0.01455264734600749
  0.01515605862014304  0.01578616866155251  0.01644877361631031  0.01714702804142240
  0.01787367481487935  0.01863024384466116  0.01943356773067782  0.02027906651521747
  0.02116214026322488  0.02209145743427471  0.02307679703372328  0.02411739267481510
  0.02520806975452079  0.02634893432450103  0.02757095889083195  0.02886721876315156
  0.03022981832560796  0.03166690619310512  0.03319596749909594  0.03482545211978181
  0.03655488390891748  0.03839065409161790  0.04034646139909692  0.04243888318673943
  0.04468008549306909  0.04708152715006980  0.04967301697313992  0.05248987213716094
  0.05555618299492052  0.05886488165930037  0.06243136749169639  0.06631170324884902
  0.07056511963239263  0.07523994980566583  0.08039702149970715  0.08609432221367733
  0.09243100056328936  0.09949532801089531  0.10731658347981643  0.11598197438748226
  0.12577467592583597  0.13734672774168205  0.15059270805298428  0.16561409901870605
  0.18348224441002925  0.20590614449245667  0.23442459175779229  0.26845254672693675
  0.31539125559777620  0.38239273634715348  0.48786918265829299  1.00000000000000000
 -0.00250232834547854  0.00962226448377008  0.01985150900566626  0.03042901286051703
  0.04103125625284774  0.05153141544123419  0.06204483476597651  0.07263593940172855
  0.08332008144014016  0.09400877591733083  0.10460293059615804  0.11523011691777420
  0.12588071749574808  0.13653660871369291  0.14718324838244967  0.15778417634236575
  0.16831601387335834  0.17883076098890630  0.18943916856088958  0.20013730984576217
  0.21078141070547540  0.22132099949516942  0.23188430511479416  0.24243682955544468
  0.25308277648517302  0.26368806300039255  0.27427298061196759  0.28471871629139478
  0.29519083911752136  0.30570041856054103  0.31625976040256726  0.32677149729386001
  0.33715524777274369  0.34751295186242637  0.35786008873515485  0.36833282991972699
  0.37886773483382558  0.38951748777290407  0.40013671341946805  0.41079415824033472
  0.42146613522878690  0.43216417345251690  0.44277473871826356  0.45328874545056208
  0.46381211893024116  0.47427997780970282  0.48478584244174550  0.49530221141458597
  0.50588182686393091  0.51645526496599692  0.52697955393555285  0.53752530702618684
  0.54808101856679492  0.55861527144962153  0.56913168744681575  0.57962806826451252
  0.59010958116373669  0.60070390835663956  0.61130675374791643  0.62200201036172675
  0.63255560306145830  0.64304999073987679  0.65345799283875328  0.66396932151342847
  0.67450642195516197  0.68503748623628347  0.69552902306731557  0.70605348262473011
  0.71662898301573530  0.72717713712102672  0.73778850803400531  0.74833783878566829
  0.75892138485293659  0.76953287563101336  0.78016606733877658  0.79085974109920065
  0.80138933577460303  0.81189895610024809  0.82238379468166023  0.83284692539177574
  0.84349133608268467  0.85406560811291909  0.86464961553557029  0.87509672381601300
  0.88557571235637522  0.89610480129167092  0.90648643401573326  0.91691437220745597
  0.92728178346950973  0.93768884868174318  0.94804284609751199  0.95834729922688311
  0.96875373807323550  0.97911433728483865  0.98957245009860528  1.00000000000000000
  0.12166214399847511  0.13183660101711395  0.13963211851361840  0.14752503607071149
  0.15551022893925665  0.16350701717912627  0.17154934203554997  0.17962316597497990
  0.18771537100302563  0.19582907533241170  0.20395480923610168  0.21212465501383537
  0.22032356437493006  0.22854923606710470  0.23681605801285213  0.24512916711743665
  0.25349013466241582  0.26189696568922827  0.27032322566841888  0.27877019786647800
  0.28724378713757809  0.29575829729406400  0.30431420481299809  0.31290693069697945
  0.32154316587780890  0.33023225719784705  0.33899304239954148  0.34779521061830287
  0.35661175459018507  0.36543858244909405  0.37428010254506405  0.38313516883059234
  0.39201125701297412  0.40091310447555051  0.40984222030538653  0.41879599392212014
  0.42776373275270618  0.43674156057323932  0.44570477547374887  0.45467419596364494
  0.46367031739911702  0.47268550029146783  0.48170013340631940  0.49073960228834496
  0.49988058013203679  0.50916481115809964  0.51851482147575934  0.52782053592670852
  0.53705455265418678  0.54627334158872209  0.55547601386661982  0.56463610725718727
  0.57376360346084232  0.58290673225805278  0.59207230082849682  0.60121392351411806
  0.61032834375247325  0.61948259085485458  0.62872999854923717  0.63806226363575091
  0.64739747317388030  0.65675133233349170  0.66615456264368222  0.67560140810939584
  0.68506008996685519  0.69452356895443401  0.70402261130095511  0.71348959068694462
  0.72289750371916772  0.73231807799619286  0.74183020725686921  0.75142059107961567
  0.76102361829448273  0.77061777340551729  0.78024984336454239  0.78998918984983635
  0.79981198052597635  0.80966832807615796  0.81951851690005251  0.82935776870307532
  0.83927372119051147  0.84925965617350307  0.85926764562173863  0.86932797692014496
  0.87952633694524440  0.88998633147260009  0.90073077498372534  0.91181925977435763
  0.92304469004477319  0.93400806135594128  0.94387891117386735  0.95265701343495857
  0.96135789900583635  0.97092480608478948  0.98331483158982691  1.00000000000000000
   1.7154712518023482E-003  -1.0000000000000000     
 F F F F F F F F F F F F F F F F
  <DiscreteSampler_grid>
  grouped_processes
  1 # 1 for a reference and 2 for a running grid.
  10 # Attribute 'min_bin_probing_points' of the grid.
  1 # Attribute 'grid_mode' of the grid. 1=='default',2=='initialization'
  0.0000000000000000 # Attribute 'small_contrib_threshold' of the grid.
  0.5000000000000000 # Attribute 'damping_power' of the grid.
 # binID   n_entries weight   weight_sqr   abs_weight
    10   10   5.454302851515373E+010   1.056728323201171E+022   5.454302851515373E+010
  </DiscreteSampler_grid>
