  0.00003126163943870  0.00003499585759341  0.00003777783217361  0.00004033480771022
  0.00004272327905593  0.00004518416883674  0.00004767293549487  0.00005017395578544
  0.00005279620952380  0.00005561770970662  0.00005860033411554  0.00006171276399563
  0.00006498600817273  0.00006833687603708  0.00007184670478217  0.00007537335798523
  0.00007894025022476  0.00008263887907801  0.00008643975779446  0.00009033736964274
  0.00009484693723906  0.00010010732828704  0.00010566717701669  0.00011119702396120
  0.00011648752637216  0.00012383601804655  0.00013225068666476  0.00014100695492346
  0.00015014375145780  0.00015943142697701  0.00016818193716717  0.00017650956523297
  0.00018485456398153  0.00019357587473684  0.00020258006861139  0.00021093317002504
  0.00021913150259331  0.00022709389787218  0.00023428936429314  0.00024151667046528
  0.00024910029542399  0.00025678067464076  0.00026469705399541  0.00027323702465741
  0.00028302284258036  0.00029289568772699  0.00030397707650402  0.00031918493256798
  0.00033651205036829  0.00035444835099022  0.00037308816390915  0.00039209042441905
  0.00041272609615788  0.00043541285363325  0.00045918297329382  0.00048343872768003
  0.00050881911740241  0.00053885065072916  0.00057167625874159  0.00060667239952949
  0.00064481123943314  0.00068644214405807  0.00073315173756485  0.00078163295980921
  0.00083527667800127  0.00089583588412785  0.00096121340796819  0.00103370102469441
  0.00111705463689529  0.00121067287521909  0.00131699971917639  0.00143882241395626
  0.00157275942841089  0.00172133559372939  0.00188987762025887  0.00208227227113758
  0.00231511143768142  0.00259109809573512  0.00290044189325813  0.00326870960743816
  0.00373506631511812  0.00431657777613078  0.00503287220279116  0.00591762824170040
  0.00699626645720975  0.00832815971607250  0.01007695986641260  0.01246336748546017
  0.01572591031662681  0.02025309485124666  0.02721361459152140  0.03802511630426023
  0.05625340702828203  0.09272502877357286  0.18593170172303702  1.00000000000000000
  0.00000113586427215  0.00000416575789698  0.00000632151598358  0.00000826837827031
  0.00001032431507828  0.00001239236108800  0.00001454556787681  0.00001680825325461
  0.00001918917260867  0.00002169802522270  0.00002427178763220  0.00002693609581321
  0.00002973267777168  0.00003273237998989  0.00003596391085950  0.00003927074224668
  0.00004263028524497  0.00004612677581450  0.00004964127225255  0.00005321162846001
  0.00005688405324403  0.00006054195977615  0.00006493978911139  0.00007020624670453
  0.00007609397317152  0.00008243453113586  0.00008917430361961  0.00009610800979259
  0.00010352465570156  0.00011108112712078  0.00011984463133759  0.00013115624674143
  0.00014344266257580  0.00015568208132026  0.00016720603581822  0.00017809822790923
  0.00018913457460040  0.00020079474823076  0.00021384539706941  0.00022828501888766
  0.00024383279455356  0.00026032586506636  0.00027805399640750  0.00029763852727541
  0.00031891846827485  0.00034237282053797  0.00036852239246556  0.00039735995480871
  0.00042953966586357  0.00046436576562969  0.00050278570646288  0.00054542335777372
  0.00059423733304898  0.00064678298711460  0.00069712619277413  0.00074318353229032
  0.00079210724710815  0.00084342401860338  0.00089770741566780  0.00095951220518120
  0.00103151038887272  0.00111095068634314  0.00120346653743385  0.00130987115674664
  0.00142686135875088  0.00154981892249779  0.00168810715252711  0.00184549652749506
  0.00203224388448430  0.00223604719420427  0.00247262488662017  0.00272975900040546
  0.00303862199682505  0.00336355410492175  0.00370065097834687  0.00410221854309117
  0.00457713455056304  0.00515827954641990  0.00583173161584246  0.00659644269068781
  0.00748598868178978  0.00852182001522386  0.00968620462595682  0.01107548469029136
  0.01283752256749448  0.01498437769581437  0.01764132445448506  0.02113320804869185
  0.02586710728343079  0.03242860825970026  0.04204223262636878  0.05751739083112318
  0.08267031251727895  0.13098675247877556  0.29270067568641028  1.00000000000000000
 -0.00318239073705323  0.01129726942795914  0.02389324251626652  0.03677894934584444
  0.04825083200543428  0.05913579656621484  0.06995750237006229  0.08107318539536537
  0.09243710957346034  0.10413895402553026  0.11643647994819718  0.12919681403518304
  0.14159227272176189  0.15177437005486941  0.16028301733595599  0.16922907671646509
  0.17810933840324705  0.18683942704983225  0.19533892110045642  0.20374679831672973
  0.21330562930391048  0.22423421343403671  0.23529269823892240  0.24628101466820326
  0.25722542527450842  0.26828489272296208  0.27971479200824279  0.29121573595560635
  0.30246352939524512  0.31356496547792378  0.32480995757769332  0.33632310789535153
  0.34799740907570942  0.35969951511961501  0.37138483489303437  0.38275910529642709
  0.39423227105221681  0.40646422373589025  0.41802857945224620  0.42898527686890586
  0.43952697311385458  0.45024725569735163  0.46128068854860221  0.47260512814367045
  0.48436460500304246  0.49600288109095031  0.50720937681034806  0.51799894320727224
  0.52858481180091110  0.53928992640332141  0.55022952572854622  0.56110673999517557
  0.57144265373214265  0.58180690675359026  0.59308556158087278  0.60528099656791823
  0.61819020235122835  0.63110391336619043  0.64390502221172130  0.65704045961208535
  0.66967857584489587  0.68080614616062440  0.69247677793328688  0.70460109180878028
  0.71632324565535777  0.72765721133889705  0.73465055589822881  0.74131889047719846
  0.74796078648161402  0.75470638578079940  0.76133963859868226  0.76765968001242169
  0.77379741440018779  0.77999157051479540  0.78611634414202503  0.79227180375301132
  0.80136421886606657  0.81106336258082345  0.82114920698452942  0.83107421843754181
  0.84058790296696939  0.84999913494776247  0.86030740054765809  0.87148960822434951
  0.88265381340357008  0.89366587444883427  0.90457799264128536  0.91549932783439492
  0.92606676794106402  0.93631860049051963  0.94667937439673067  0.95752886892323741
  0.96791981331515820  0.97869579724975764  0.98896601490531300  1.00000000000000000
 -0.00049996796709761  0.00390040789532974  0.00472502939860384  0.00508735479871757
  0.00537036679828884  0.00563903852486471  0.00585772189095213  0.00607437258472299
  0.00629078781768938  0.00650390921375593  0.00669964330840584  0.00690393737361848
  0.00712032549097044  0.00734038299005849  0.00756405254174872  0.00779487452217473
  0.00802869069729524  0.00826813753168202  0.00851689278862926  0.00876809050625761
  0.00902821667242958  0.00929817511768477  0.00958207626659441  0.00986872268007099
  0.01016232117574356  0.01046861428454480  0.01078563131345002  0.01112012651821964
  0.01146104070240384  0.01180018883976316  0.01215241477473488  0.01250796124379629
  0.01287697793365864  0.01325923531849357  0.01364680640560814  0.01405188267488234
  0.01446346476957944  0.01488592799683040  0.01532336212464540  0.01577846652326188
  0.01625042630283191  0.01673287830383595  0.01721740998612932  0.01772627195553687
  0.01824429649015022  0.01877219159536143  0.01931950991802197  0.01988350007344769
  0.02045561518152462  0.02108893764358124  0.02182384590827247  0.02257306868604182
  0.02334558126191877  0.02414694642781690  0.02496278586759840  0.02579263311276396
  0.02665541854759081  0.02755442204407164  0.02850069129900180  0.02947511037684823
  0.03046806352443442  0.03149550449980930  0.03255683217578018  0.03366278791363437
  0.03480915174041022  0.03600279002378855  0.03723456679863971  0.03848354880268286
  0.03976235486989022  0.04105277052219602  0.04278921462591788  0.04546718598779145
  0.04809878297563170  0.05088271773027007  0.05380386604926931  0.05690077905878723
  0.06023950400906423  0.06414793486203355  0.06920779015415898  0.07456257599521587
  0.08027438001715063  0.08698405115912634  0.09462959699753606  0.10317837886052446
  0.11346840619701354  0.12547496239328079  0.14042766961242154  0.15803544592299595
  0.17921317703516565  0.20497278961121110  0.23800242126014645  0.28069157033580572
  0.33972870864566035  0.43279912146100608  0.59880283922928390  1.00000000000000000
 -0.00289097792126008  0.00917206036826700  0.02021353795119676  0.03109546128477568
  0.04191194962023294  0.05250631189469445  0.06288939148682458  0.07300055859582333
  0.08283037952095566  0.09255548908158337  0.10231461662534679  0.11240431537545183
  0.12225456696560180  0.13260572242716404  0.14267304380015006  0.15273565624421856
  0.16255957754351238  0.17234851593873732  0.18217617018517437  0.19159402569271025
  0.20126194005587128  0.21085671383654575  0.22146322233604132  0.23218717736646802
  0.24281539664458393  0.25348288424170157  0.26428851667996661  0.27533089460890392
  0.28625963224199530  0.29839306407601773  0.31060168727518883  0.32373773064276778
  0.33406338501158167  0.34151628339553991  0.34893068487552814  0.35657292502276028
  0.36420465277245101  0.37186409153285799  0.37917347663286227  0.38613620088494627
  0.39320072339190415  0.40167023670894508  0.41107561238689094  0.42033457816801134
  0.42938838916668615  0.43869652651328617  0.44946307982254463  0.46099942184817616
  0.47324653171806064  0.48650509879907938  0.50030889673324552  0.51291385604453610
  0.52493130888249573  0.53701124194991967  0.54919313024044192  0.56178046784326019
  0.57420954459789431  0.58645016849030673  0.59875093681683944  0.60880922654608050
  0.61712077988939218  0.62585510630917074  0.63473235230731506  0.64364960817967509
  0.65233875906991856  0.66103289816370314  0.67032071367651902  0.68220751987606842
  0.69434932578641306  0.70654535391684725  0.71893100616897299  0.73114521155884615
  0.74330562424287094  0.75528441888741549  0.76687214809568760  0.77873025513617145
  0.79102006774177003  0.80276110240106902  0.81396677892459335  0.82477145770681393
  0.83538307902815201  0.84621092988406277  0.85725896846421468  0.86805936459521837
  0.87851994002107647  0.88918017445784903  0.89948879724623676  0.90998910420188639
  0.92071692427395224  0.93162530949663680  0.94246002130395667  0.95352385040080001
  0.96480414595168806  0.97627361075118901  0.98801094420546809  1.00000000000000000
   5.1110989798364403E-012  -1.0000000000000000     
 F F F F F F F F F F F F F F F F F F F F F F F F
  <DiscreteSampler_grid>
  grouped_processes
  1 # 1 for a reference and 2 for a running grid.
  10 # Attribute 'min_bin_probing_points' of the grid.
  1 # Attribute 'grid_mode' of the grid. 1=='default',2=='initialization'
  0.0000000000000000 # Attribute 'small_contrib_threshold' of the grid.
  0.5000000000000000 # Attribute 'damping_power' of the grid.
 # binID   n_entries weight   weight_sqr   abs_weight
    10   10   1.227846716771697E+001   1.487299299323335E+003   1.227846716771697E+001
  </DiscreteSampler_grid>
