  0.00000405909523305  0.00000562058902502  0.00000676052274002  0.00000775271077963
  0.00000882199024198  0.00000992276135019  0.00001111192288983  0.00001241447052780
  0.00001381160298568  0.00001532564126771  0.00001687061223742  0.00001845566663677
  0.00002009547362731  0.00002186852770744  0.00002380262053086  0.00002586654803181
  0.00002805542569232  0.00003035694653418  0.00003281643556763  0.00003560192258725
  0.00003877293250869  0.00004196883696998  0.00004526143728087  0.00004868935979210
  0.00005223324519002  0.00005590916403446  0.00005958351545048  0.00006334303150741
  0.00006743973295215  0.00007180766457847  0.00007635521286820  0.00008117233760299
  0.00008611977937976  0.00009139043329885  0.00009883570389211  0.00010683627875589
  0.00011590033145833  0.00012339284948264  0.00012993417749576  0.00013757558344761
  0.00014531715846142  0.00015270008371672  0.00016012058687344  0.00016753881137841
  0.00017527051092837  0.00018369831436509  0.00019384810493341  0.00020529727651734
  0.00021762823000759  0.00023087774592105  0.00024650663002868  0.00026276348316693
  0.00027986252959437  0.00029746349799562  0.00031475986406010  0.00033266157295822
  0.00035223443219195  0.00037298358198122  0.00039553735618501  0.00042134997465966
  0.00045162476094281  0.00048472206811619  0.00051980462147307  0.00055790940225670
  0.00059887842117728  0.00064342611226914  0.00069286701926242  0.00074707778488969
  0.00080756752697192  0.00087557140147558  0.00095099163588275  0.00103416213463480
  0.00112906922963244  0.00123876211903561  0.00136502154768288  0.00150934133486224
  0.00167914584708313  0.00187799480291832  0.00211641041186337  0.00239919048300679
  0.00273296448716705  0.00312845270310768  0.00361370777495884  0.00423054137223649
  0.00499871778924839  0.00599429382192262  0.00730985907090219  0.00914166739675442
  0.01178849475821565  0.01572884362509334  0.02195585356946182  0.03297856704063402
  0.05454273551820332  0.12608537590061705  0.91062476077438859  1.00000000000000000
  0.00000139013469175  0.00000264448233687  0.00000431057264482  0.00000615544912836
  0.00000811764701821  0.00001020193116180  0.00001240080805914  0.00001466534133515
  0.00001705033477807  0.00001962325776047  0.00002234172785455  0.00002522274820485
  0.00002829137458433  0.00003155752910709  0.00003503318972633  0.00003878252184524
  0.00004277785842864  0.00004694877107652  0.00005133762549969  0.00005599943973454
  0.00006090472032474  0.00006615044592745  0.00007175437724007  0.00007759088101873
  0.00008342781511000  0.00008925115553820  0.00009632562610296  0.00010393596155122
  0.00011263086233118  0.00012233542935484  0.00013241935619299  0.00014275421400045
  0.00015296306384535  0.00016354342532916  0.00017455578441212  0.00018614901099555
  0.00019876729597234  0.00021243039618616  0.00022704503999744  0.00024268023203165
  0.00025906222353418  0.00027546186278611  0.00029082234238460  0.00030566781862554
  0.00032082648254364  0.00033597769818283  0.00035202020758403  0.00036963034134957
  0.00039052426951208  0.00041348283741073  0.00043804727900590  0.00046437407080127
  0.00049235310728558  0.00052197258394864  0.00055555144736985  0.00059604011807438
  0.00064105860461889  0.00068886690085019  0.00074021504434445  0.00079499838874947
  0.00085358898770894  0.00091767510191223  0.00098777330571801  0.00106403735384657
  0.00114602170313224  0.00123657154167656  0.00134050939235733  0.00145839384777767
  0.00159631783198454  0.00174499861988837  0.00190896767573320  0.00209864208524028
  0.00232781118599424  0.00258702514419803  0.00286992813053179  0.00319029175985689
  0.00356075984496096  0.00397565974085809  0.00443428735391328  0.00496210609712653
  0.00558533262609881  0.00632622101016996  0.00720878236834702  0.00827137986796805
  0.00953093196904568  0.01113106613381679  0.01318595023081953  0.01578642633476636
  0.01918590792392904  0.02364182554795231  0.02990479832022174  0.03939156318188149
  0.05512183596538990  0.08691005854573498  0.18175596829082696  1.00000000000000000
 -0.00271469341397544  0.01009868863788672  0.02160975043440295  0.03277552955646988
  0.04376186398228661  0.05444613506951589  0.06549050966434042  0.07697017138026364
  0.08881107491680357  0.10070442681363158  0.11221372527634772  0.12321564285886659
  0.13394019482678754  0.14453008448692922  0.15517474964825015  0.16587869957170179
  0.17636126550740502  0.18635816517712955  0.19614891482507560  0.20600428414303643
  0.21599839699711254  0.22634740928776861  0.23714192012177540  0.24821223123406647
  0.25925241326028009  0.27019250885522800  0.28100248792565247  0.29183928537096360
  0.30277087018753418  0.31369815792172956  0.32473365540928323  0.33593503715106798
  0.34720585460125220  0.35823536644388243  0.36865924112873844  0.37830551183068745
  0.38710852959283210  0.39589408023706191  0.40457355199995748  0.41317363161300291
  0.42222710807644687  0.43136506209947034  0.44033889435318374  0.44931997067909590
  0.45890120780674293  0.46877446551759200  0.47875381617340884  0.48882239867152116
  0.49788609735321432  0.51015811498516395  0.52245387801706988  0.53436177990190237
  0.54645457812828402  0.55859627453938221  0.57061489389423159  0.58224350193189578
  0.59361079393400684  0.60465010257734131  0.61545437210913101  0.62619078749841839
  0.63640429422152989  0.64636942929136310  0.65648695138391766  0.66676415207338235
  0.67728628797734092  0.68782075671037346  0.69829968889457328  0.70826251686156450
  0.71762888201450870  0.72686001976221881  0.73598342303508590  0.74477549454637737
  0.75353984781893502  0.76264026449287092  0.77175132882499764  0.78301665846300572
  0.79443181198785895  0.80462411115512333  0.81488290810918296  0.82499679264016101
  0.83517348229818278  0.84537435598031863  0.85564607446373964  0.86588524923025612
  0.87599003671824494  0.88618004871420020  0.89671932513438335  0.90784345290312018
  0.91894591295255701  0.92987920271822400  0.94086673990702419  0.95193193935722031
  0.96341571187234565  0.97540122323300715  0.98757430845938521  1.00000000000000000
 -0.00037690152296481  0.00426342859150694  0.00471435453711345  0.00497545606739801
  0.00518535924702899  0.00534856908527907  0.00551071285434138  0.00567224815785781
  0.00583272854334360  0.00597640297828765  0.00611638203194903  0.00626228704983629
  0.00640858616514385  0.00655331146343555  0.00669645906717091  0.00684115735099593
  0.00699210613594171  0.00714694202338083  0.00730494753489041  0.00746643311745739
  0.00763264656113109  0.00780388129830500  0.00798010532983014  0.00816104071582694
  0.00834637467355336  0.00853728670488840  0.00873597812532263  0.00894050532074126
  0.00915183930198366  0.00937059565496066  0.00959466244314573  0.00982454748552872
  0.01006844922979048  0.01031516701323756  0.01056931994530688  0.01083404266425971
  0.01110896693830876  0.01139275522669487  0.01168613243939911  0.01199061679497359
  0.01230723027447105  0.01263258530653663  0.01298138932434338  0.01333844958092012
  0.01370994778021306  0.01410167895722929  0.01450726056420032  0.01493009500645206
  0.01537374386254625  0.01583517524261998  0.01631359879023844  0.01681029526331532
  0.01732435762218392  0.01786190445060924  0.01842771573201836  0.01901867902503560
  0.01963216171508014  0.02027526103180737  0.02095840214654146  0.02168400645484838
  0.02245859241143631  0.02327109448243722  0.02412289725274734  0.02502405189728001
  0.02597404377217989  0.02697526538449159  0.02802520608613230  0.02912696446381745
  0.03029281768101222  0.03152187141987561  0.03281849896780333  0.03418104199479744
  0.03560843457452473  0.03712209984023699  0.03875010489294564  0.04046517287046631
  0.04251473751485704  0.04516283813171515  0.04810120346143831  0.05127345058242280
  0.05474569765577994  0.05856061427312428  0.06299183358791965  0.06850720689923218
  0.07488481917332566  0.08194895836346042  0.09112065805661906  0.10205593054640237
  0.11560106425936487  0.13309615484684209  0.15609855015093368  0.18950076047455483
  0.23964119844031967  0.33306221848555129  0.62258078495644298  1.00000000000000000
 -0.00232476517258062  0.00830427393821949  0.01809954785041549  0.02820505456891434
  0.03853883812468586  0.04891390415667162  0.05919802667527067  0.06930218162313410
  0.07928120062664758  0.08928227726176245  0.09939682030081988  0.10974537114362568
  0.12029900761553157  0.13001461442725121  0.13793363389983443  0.14650270467620524
  0.15483338397786350  0.16305391865552554  0.17116960443930529  0.17934068572930964
  0.18802732487878693  0.19737271126814807  0.20713846986173115  0.21713402488905251
  0.22739533237317230  0.23762191845848102  0.24854920654806475  0.26055120031332696
  0.27306574883519191  0.28556837468611029  0.29756296352386186  0.30906496029349856
  0.32036788549366291  0.33147446490392718  0.34257624051288449  0.35397335073698644
  0.36603897348660519  0.37870163052949346  0.39161528391005956  0.40526288320194170
  0.41768573871676090  0.42696262519235728  0.43690670153916389  0.44683047852730651
  0.45679210979721796  0.46679913959557334  0.47713868876735160  0.48956307127575149
  0.50243174049765660  0.51510687118297860  0.52749110843809088  0.54016274718099422
  0.55257870747930593  0.56507956438394269  0.57781637204833425  0.59101773308484684
  0.60375738077570162  0.61673808615972681  0.62852498478605812  0.63954353315152734
  0.65058537469461564  0.66142240242670036  0.67208972702437164  0.68212798749745229
  0.69371109305787093  0.70560426663728604  0.71781166632289362  0.72908009293164688
  0.73813338642899740  0.74749307853448010  0.75669908500602889  0.76555872283291404
  0.77428848236197523  0.78274287396360187  0.79153123499355882  0.80161172790176449
  0.81223611711534105  0.82280237259733480  0.83366852385077816  0.84482972075227070
  0.85575816525102288  0.86606957285721453  0.87571696654682585  0.88495070592908454
  0.89402253129661458  0.90285429517549942  0.91147805169667706  0.92023631647863102
  0.92928817081518822  0.93862132102148965  0.94828882820331672  0.95838823921178051
  0.96900696556097310  0.97996985764736966  0.99015868425252351  1.00000000000000000
   2.7431645530910580E-012  -1.0000000000000000     
 F F F F F F F F F F F F F F F F F F F F F F F F
  <DiscreteSampler_grid>
  grouped_processes
  1 # 1 for a reference and 2 for a running grid.
  10 # Attribute 'min_bin_probing_points' of the grid.
  1 # Attribute 'grid_mode' of the grid. 1=='default',2=='initialization'
  0.0000000000000000 # Attribute 'small_contrib_threshold' of the grid.
  0.5000000000000000 # Attribute 'damping_power' of the grid.
 # binID   n_entries weight   weight_sqr   abs_weight
    10   10   5.190338161548196E-001   2.085609206134174E+000   5.190338161548196E-001
  </DiscreteSampler_grid>
