  0.00001090449748127  0.00001237448708336  0.00001373071886582  0.00001512453757358
  0.00001657145043559  0.00001806408903134  0.00001965246751727  0.00002128838225924
  0.00002295875751609  0.00002467813937821  0.00002678396532233  0.00002900741789383
  0.00003134215044655  0.00003384173715059  0.00003709733155173  0.00004036034796753
  0.00004386925669025  0.00004779951873460  0.00005210522985483  0.00005651597715880
  0.00006110946300250  0.00006580830343050  0.00007015144281878  0.00007463762077963
  0.00007958729969138  0.00008476990395922  0.00009003496183476  0.00009548982212942
  0.00010125549098341  0.00010729355430455  0.00011332886654762  0.00011930695319932
  0.00012487468362111  0.00013028985815688  0.00013569300525177  0.00014118310921989
  0.00014805949816969  0.00015664264450162  0.00016555021627633  0.00017449375237567
  0.00018344126750772  0.00019272018951480  0.00020274740903503  0.00021720677894521
  0.00022837730757987  0.00023748832039322  0.00024682174821385  0.00025720684387817
  0.00026802445340867  0.00027858899614227  0.00028899465760034  0.00030026183026255
  0.00031572528565058  0.00033548045148111  0.00035730094746865  0.00038085685538814
  0.00040744656520350  0.00043397779023019  0.00046159663860476  0.00049141595404329
  0.00052195895437689  0.00055373290397669  0.00058848850245767  0.00062503445373739
  0.00066555613727802  0.00071136284154831  0.00076678573728997  0.00082855129624304
  0.00089661500978309  0.00097116144441772  0.00105269876938569  0.00114549738661547
  0.00125533092990955  0.00138416785010935  0.00151829342020588  0.00166424045761901
  0.00183132880802187  0.00203370002909839  0.00228805380586090  0.00259930164578015
  0.00296360637179538  0.00338194983755597  0.00387173454760763  0.00449915060804156
  0.00534350965320272  0.00651337556117933  0.00806456381633650  0.01001984431484024
  0.01269370295222722  0.01689675659753620  0.02321637900960648  0.03286047574399358
  0.05132810109512285  0.08407007727627486  0.18663964047386611  1.00000000000000000
  0.00000102853349932  0.00000334645156021  0.00000541158907255  0.00000765350269617
  0.00001034912520285  0.00001320212052920  0.00001614916589471  0.00001920075690072
  0.00002238493063167  0.00002570758774921  0.00002917472705617  0.00003278806417495
  0.00003678964044070  0.00004092551228661  0.00004533870653525  0.00004998721996781
  0.00005488092874009  0.00006024169565809  0.00006635240052997  0.00007311872567535
  0.00008056895045742  0.00008796034869816  0.00009507659300651  0.00010209807009415
  0.00010915739841753  0.00011633618357215  0.00012424866278195  0.00013356809823757
  0.00014331716408887  0.00015293751937140  0.00016271148419334  0.00017312356631545
  0.00018391681436817  0.00019588376695303  0.00020891544912194  0.00022271070131096
  0.00023742135548537  0.00025218356249936  0.00026630284344129  0.00028239776185305
  0.00029879956511986  0.00031785351001485  0.00033769297811876  0.00036121496017268
  0.00038735034700215  0.00041394797022691  0.00044016388593752  0.00046719595131468
  0.00049504735114548  0.00052266077562378  0.00055128967627301  0.00058254160871953
  0.00061515383011528  0.00065100653464898  0.00069317775536068  0.00075662878451170
  0.00082087787456213  0.00089222954253892  0.00097075274829428  0.00104724414030307
  0.00112515540037686  0.00120720050684800  0.00128923361946933  0.00137864283246759
  0.00149098273978547  0.00161700350467658  0.00176551778049463  0.00193478520347335
  0.00211962965490680  0.00233273115553582  0.00257739457473767  0.00285571270051187
  0.00317122358834216  0.00353658299543629  0.00394136530971716  0.00437568302787569
  0.00485670627875239  0.00542872869285251  0.00613049626047613  0.00692671194025771
  0.00779572751121824  0.00879334216262360  0.01006564208695134  0.01165459820216950
  0.01360903039360432  0.01605939142636608  0.01936685377444298  0.02376017644311995
  0.02934919354060762  0.03800419122609453  0.05088144793295662  0.07133459224604514
  0.11068335970969155  0.22037106285833263  0.80110415424209147  1.00000000000000000
 -0.00301046759097498  0.01000556090953378  0.02211545513772341  0.03441304200401048
  0.04689428272952451  0.05938722162281516  0.07195253272616720  0.08509434666895899
  0.09847148132609822  0.11026426896457503  0.12021323653809537  0.12936970470221584
  0.13858303164420560  0.14853047037586678  0.15929290844180263  0.17028758795321194
  0.18133027968147453  0.19241774226149563  0.20353734350351235  0.21417315375585821
  0.22478662634696764  0.23442937556445897  0.24325542577034570  0.25248089957834641
  0.26177728992145788  0.27086271033030956  0.27964157727114503  0.28840019523962590
  0.29762166221127367  0.30728181427801310  0.31732814352632532  0.32762081597919940
  0.33730230879606127  0.34599428021300216  0.35470014373946562  0.36397619951998467
  0.37409911018588582  0.38440767066414078  0.39477505793036094  0.40592238695229799
  0.41806899367199485  0.42893845763844085  0.44014292219403195  0.45174464612607906
  0.46339588508142870  0.47459677480885099  0.48604193359932452  0.49781409229246182
  0.50845795074312505  0.51866247400067811  0.52881922099311063  0.53887990998136670
  0.54869349232608100  0.55880421516388379  0.57057698071082041  0.58325157056214294
  0.59493863583392781  0.60577021263762154  0.61634954665834096  0.62691770848016559
  0.63675137065540910  0.64581346759600011  0.65378456406848695  0.66194182801379930
  0.67036550144180140  0.67894026638550231  0.68774250387884894  0.69640515335891695
  0.70470480289898774  0.71411225378753063  0.72491643356907964  0.73615589711619300
  0.74733402345488442  0.75881206839165560  0.77036730949180043  0.78139173448054555
  0.79223875610358863  0.80292751391854289  0.81388807050254441  0.82472190215293861
  0.83578965917301284  0.84711044864701801  0.85748867539538487  0.86787697619160165
  0.87811044089157220  0.88864178585716314  0.89967573827015945  0.91109583645386638
  0.92241447564676426  0.93361131619845539  0.94457431991599317  0.95558534016084351
  0.96714777399307927  0.97862336756921475  0.98939116478496481  1.00000000000000000
 -0.00060273950422500  0.00386552802185338  0.00435073761094666  0.00471679584003058
  0.00501895537085351  0.00527789808090616  0.00548408994437012  0.00567902078806323
  0.00585839232820802  0.00604131823414908  0.00622605136030447  0.00641353858409496
  0.00660825585723356  0.00681907684377823  0.00703007605481117  0.00724120344038681
  0.00746213528152520  0.00768692334013319  0.00792043914061915  0.00815577988444566
  0.00839250298631090  0.00863933983377085  0.00889420351636964  0.00916488070980783
  0.00944022574382926  0.00972034476402788  0.01002067751590182  0.01032862640283813
  0.01064443493618017  0.01097710820020542  0.01131962621075790  0.01167151842026135
  0.01203439841178806  0.01242597646530220  0.01282689981631644  0.01324002383580967
  0.01366817617103299  0.01410920751044503  0.01457659328827735  0.01505936670886802
  0.01555227256172304  0.01605367988475977  0.01658582535183264  0.01713041396289693
  0.01769658448638656  0.01828595864291082  0.01889717711212079  0.01953077783328101
  0.02017947833189006  0.02089556462599933  0.02166829096166339  0.02248936357089003
  0.02333876646090190  0.02421365412676704  0.02511120227859232  0.02603952883404694
  0.02700839299949082  0.02801122195808524  0.02905605978997868  0.03014959236362686
  0.03128118811139385  0.03246328365056421  0.03368089311915410  0.03495776467043475
  0.03628568261366932  0.03764817390669066  0.03904665024408881  0.04047954561043011
  0.04208663964261036  0.04437904742508372  0.04671209776729159  0.04919822142890982
  0.05184408456620380  0.05464184843043942  0.05757183552438112  0.06061029795248277
  0.06422681369904806  0.06888425574549586  0.07375118205275778  0.07887856177833349
  0.08468655218131498  0.09203064498921686  0.09990410201611762  0.10904524254687184
  0.11977469497567808  0.13225994560056434  0.14687418019601178  0.16397947818342212
  0.18481261248155542  0.20990464306957207  0.24259657404287804  0.28477164215364459
  0.34261003605133755  0.43459406972091114  0.59890138068714427  1.00000000000000000
 -0.00263532740276290  0.00916409665396337  0.01910837912498468  0.02764850248884223
  0.03588863189644109  0.04361946663111040  0.05103850389258846  0.05823037152682915
  0.06618688799355345  0.07390659596045718  0.08199168460541312  0.09093065449983664
  0.10095447466656944  0.11109491156141740  0.12179028606384117  0.13226676541393739
  0.14253476479438693  0.15184415513668198  0.16062755831465292  0.17001676988260284
  0.17965445219114001  0.18886391035757918  0.19756689298564289  0.20642692075995359
  0.21633883619599015  0.22700203608705566  0.23714152301672375  0.24679833328054587
  0.25686613764207389  0.26735976137740841  0.27800357608232257  0.28870980941341590
  0.29934117642249902  0.31001761235214514  0.32109754875135899  0.33280137490294426
  0.34520642640757865  0.35833858804451757  0.37305002630528428  0.38784164077991656
  0.40018500748190383  0.41097418875298580  0.42037073532645847  0.43002945690716332
  0.44029491001100007  0.45126600894135571  0.46270598581559119  0.47429212471318277
  0.48545986762174986  0.49614695564796729  0.50656791021017100  0.51717714478910048
  0.52928708155806858  0.54326776128444521  0.55582397621356627  0.56834983015712870
  0.58061547083492249  0.59128084314132223  0.60390644954948769  0.61641560854997324
  0.62922982196834287  0.64120586965327531  0.65158278567128980  0.66118681151368086
  0.67136306792876987  0.68170944279038170  0.69164979589746367  0.70163417122471161
  0.71288113767654582  0.72549323482682870  0.73785089188802222  0.74920352691546621
  0.76032342301301881  0.77129390213488347  0.78201108611146164  0.79275999310085121
  0.80393190051404473  0.81523593309578823  0.82645116023003018  0.83778161832151599
  0.84876245760893787  0.85806480808057561  0.86687720957392866  0.87596079626696899
  0.88587572866497510  0.89581031808298650  0.90568674078298084  0.91524896344270057
  0.92469284608892321  0.93414407193317073  0.94390332501277596  0.95426240054605538
  0.96503035277659732  0.97604598389492547  0.98753561776903087  1.00000000000000000
   5.5553888979956844E-012  -1.0000000000000000     
 F F F F F F F F F F F F F F F F F F F F F F F F
  <DiscreteSampler_grid>
  grouped_processes
  1 # 1 for a reference and 2 for a running grid.
  10 # Attribute 'min_bin_probing_points' of the grid.
  1 # Attribute 'grid_mode' of the grid. 1=='default',2=='initialization'
  0.0000000000000000 # Attribute 'small_contrib_threshold' of the grid.
  0.5000000000000000 # Attribute 'damping_power' of the grid.
 # binID   n_entries weight   weight_sqr   abs_weight
    10   10   4.359245225227812E-001   8.485255398078067E-001   4.359245225227812E-001
  </DiscreteSampler_grid>
