  0.00006260015064194  0.00006853566904470  0.00007288023236982  0.00007695610999626
  0.00008129115261057  0.00008582118259415  0.00009059392333715  0.00009545329381003
  0.00010026338836717  0.00010509701949563  0.00011038317565318  0.00011573784858642
  0.00012090695669409  0.00012585165769335  0.00013087609984210  0.00013613706743836
  0.00014142408837507  0.00014648033108075  0.00015159003339488  0.00015665518498141
  0.00016111578413927  0.00016534447471271  0.00016958830558198  0.00017399372741398
  0.00017860787367347  0.00018441956562899  0.00019108509659718  0.00019815280967223
  0.00020589214269258  0.00021455099166344  0.00022362317532078  0.00023189747955309
  0.00023975151175098  0.00024885498887827  0.00025896524553125  0.00026978785472037
  0.00027972504463577  0.00029003337589993  0.00029967734217928  0.00031301552674918
  0.00032939558799048  0.00034535660640522  0.00036088511042200  0.00037795747117577
  0.00039576364069798  0.00041347425232831  0.00042936907271066  0.00044556831316507
  0.00046421542805414  0.00048376151156204  0.00050434815570382  0.00052724651331679
  0.00055144632560567  0.00057840678677084  0.00060536104722503  0.00063407386324862
  0.00066443907720812  0.00069574461693029  0.00073006333822078  0.00076969170547950
  0.00081655004606451  0.00087027692312071  0.00092840115225191  0.00099022649502916
  0.00105653922552815  0.00112740389135036  0.00120431812604130  0.00128751296217966
  0.00137959176971066  0.00148477507526364  0.00160607096553847  0.00174020850067402
  0.00189000940947303  0.00206681198108014  0.00227459224140714  0.00251628119861168
  0.00279248496848042  0.00311132745518587  0.00348856675592584  0.00391812466537648
  0.00441315956386191  0.00502715501833072  0.00580886111055184  0.00677504961552992
  0.00795841418066800  0.00955711891922722  0.01149308232772001  0.01398090883655539
  0.01746907249884564  0.02252328559738510  0.03005750192637732  0.04244340235495859
  0.06228758389366131  0.10037948708710040  0.20351146407274751  1.00000000000000000
  0.00000085996968823  0.00000516324825124  0.00000845756267609  0.00001097200471954
  0.00001367400957240  0.00001648778144146  0.00001946350987594  0.00002255025587953
  0.00002583861495400  0.00002960229895162  0.00003343003764922  0.00003748755325346
  0.00004177132492215  0.00004611468750009  0.00005100288762277  0.00005594494339424
  0.00006124954198662  0.00006701051325249  0.00007326786736027  0.00008019955779687
  0.00008760106768589  0.00009490140680040  0.00010213973932060  0.00010949202380855
  0.00011697734506331  0.00012508738488304  0.00013392096361949  0.00014308688581845
  0.00015288586407843  0.00016318962165402  0.00017416608980235  0.00018600763198575
  0.00019824469078323  0.00021264137195953  0.00022791969597400  0.00024260949618376
  0.00025761461277403  0.00027381612543127  0.00029063775643263  0.00030993109643820
  0.00033163335756093  0.00035497114237890  0.00037932510173953  0.00040495158476749
  0.00043434838540993  0.00046538110050064  0.00049776009446352  0.00053211535631049
  0.00056808460830919  0.00060748688605131  0.00065473635866903  0.00070537891841075
  0.00075713692442722  0.00080662613227686  0.00085970323281702  0.00091398363284384
  0.00097596225042626  0.00104506414124011  0.00113364398940499  0.00122739543367063
  0.00132460112055288  0.00142361097740010  0.00152830825694779  0.00164340443080469
  0.00177030601631929  0.00190903602323269  0.00205494244360837  0.00222491637099181
  0.00241520294000933  0.00264710633471544  0.00291409193255608  0.00319761106916024
  0.00351547469121464  0.00387371343591453  0.00428659966384816  0.00476479972598288
  0.00528695817865660  0.00585085070100219  0.00648068349267128  0.00724445708939220
  0.00816885657103732  0.00928495176896474  0.01063496014518467  0.01223120420866702
  0.01410377845452964  0.01637098859393121  0.01915419840318658  0.02264263049107420
  0.02733430537946280  0.03394850113667365  0.04325978816876448  0.05656020847607012
  0.07898497632982034  0.12060239213666088  0.23305181026708427  1.00000000000000000
 -0.00244027322960200  0.00915203640974211  0.01966176145132309  0.03057848386758714
  0.04161932399617736  0.05239162110538740  0.06320483454806894  0.07428887570858766
  0.08544004956164147  0.09668866866925518  0.10860095360761092  0.12090746415914280
  0.13293753366818628  0.14428447827756505  0.15490221792010078  0.16504747340134659
  0.17507737103663149  0.18539210758031913  0.19598068279340738  0.20718376928517829
  0.21875221826101271  0.22994604693684426  0.24057397830095648  0.25052005552876150
  0.25999461910707033  0.26966129233663710  0.28014330944738264  0.29100108858026097
  0.30137932743742757  0.31152341454639265  0.32225707643360146  0.33293355339912689
  0.34227794184989219  0.35128801062315546  0.36051003429871031  0.36960129901140032
  0.37838137363559199  0.38686909397729102  0.39584803322941159  0.40626499029393570
  0.41699471570256424  0.42675713438818635  0.43677845135959070  0.44695813053945660
  0.45689899212394797  0.46615714867769875  0.47544835687782355  0.48507917000631562
  0.49503091192877935  0.50446722499332930  0.51357252628201844  0.52299566070245396
  0.53338792533624346  0.54428091879302998  0.55512617749237836  0.56630712862454224
  0.57806252810149406  0.59065198351844739  0.60376853006012599  0.61633066950099635
  0.62852771323477685  0.64025550140539800  0.65149275626687686  0.66220002529978428
  0.67296101136987929  0.68331370876533715  0.69420595599230084  0.70492308008412974
  0.71552435123675651  0.72587594079981088  0.73623583467429254  0.74633893477634561
  0.75563566135436244  0.76467111912619612  0.77426131765089912  0.78420806427318290
  0.79381823192866552  0.80355073069417515  0.81365518916808000  0.82449805053035952
  0.83564976422590820  0.84675949270141215  0.85781544936754794  0.86881541383783878
  0.87980143830549851  0.89107940126078211  0.90272283884423610  0.91447457073138760
  0.92663578762515608  0.93815717239810514  0.94848297697225226  0.95888422944686180
  0.96987477723287607  0.98065667548472413  0.99053330196929723  1.00000000000000000
 -0.00005601917790009  0.00401187079091062  0.00458758248962652  0.00499435403065444
  0.00530441964547431  0.00557749666018865  0.00584414588726926  0.00610245864644131
  0.00632882057185901  0.00655593163479320  0.00678404934842863  0.00701187604186938
  0.00723992420590088  0.00747652574728366  0.00771752447466312  0.00796672230745797
  0.00822199003462286  0.00848271853459295  0.00876259993974795  0.00904867941201484
  0.00933895181230646  0.00963245622639839  0.00995437893838858  0.01029475217562641
  0.01064961242793418  0.01100639350572118  0.01136729079513498  0.01173609758047534
  0.01210999570031529  0.01250446606296559  0.01291631671319781  0.01332919679502461
  0.01376818603637895  0.01421495076034762  0.01467376796869353  0.01515814766828415
  0.01566146449399784  0.01619207079646091  0.01674007608662010  0.01730366131622772
  0.01789687737879105  0.01849889280006525  0.01912349160269140  0.01976356336186979
  0.02041478402123836  0.02110734301329012  0.02190503190506356  0.02271189920731157
  0.02353726866348758  0.02438795370727731  0.02526323103729725  0.02616568083008370
  0.02710400883135440  0.02808605595240482  0.02911123202035211  0.03017389513385162
  0.03126810255715534  0.03239177252272801  0.03355975645844081  0.03477995982483435
  0.03604457026466230  0.03735819096153561  0.03870559487022869  0.04008681949663111
  0.04159501544847114  0.04338556111399197  0.04531427213789845  0.04731115305090813
  0.04940400623287500  0.05163875802002551  0.05401056914139912  0.05647029053205652
  0.05904773068761723  0.06173723657633549  0.06511254325454346  0.06898756210806056
  0.07303304966858785  0.07738903897332276  0.08209825541300492  0.08781543122928848
  0.09434712700001494  0.10143229969318011  0.10970740303751576  0.11907227106701999
  0.12981604456177062  0.14227474063444812  0.15703443816328469  0.17424413964060276
  0.19477589256002925  0.21969078578714171  0.25102093713976903  0.29239721544528607
  0.34820509004077438  0.43691152717777360  0.59957825267460496  1.00000000000000000
 -0.00260776261121215  0.00950492541254380  0.01939252138309552  0.02966436304213142
  0.03983891900366915  0.05034513527120657  0.06089504760621285  0.07156096022787485
  0.08223223522718397  0.09275498211863739  0.10314266826919637  0.11321718628763136
  0.12285130150212790  0.13234854999767506  0.14200301986522948  0.15174101251006711
  0.16135685997692986  0.17082055117439029  0.18028424230356405  0.18983973274853005
  0.19942778555261328  0.20913171302213815  0.21939653766712633  0.22960402074703995
  0.24006645256398304  0.25072577719606942  0.26226546492097402  0.27401026230697678
  0.28541561781648267  0.29693404943579632  0.30872535805462864  0.32057019838259398
  0.33306792045306716  0.34630356721644612  0.35938422582013541  0.37173417966320998
  0.38360439786370054  0.39555750755259400  0.40687258028848822  0.41821876787123119
  0.43091646102244868  0.44321225792204749  0.45591494943658956  0.46699051759308996
  0.47754975499575297  0.48822759119100689  0.49925406192648480  0.51062041485267307
  0.52261219388077362  0.53534861927849720  0.54779979942412216  0.55957192855026439
  0.57077862080780617  0.58174577182236376  0.59269303735133438  0.60333766619643525
  0.61320965355462476  0.62306413850878173  0.63399378714873933  0.64474676362586136
  0.65481318701758207  0.66474862942543023  0.67564061761558103  0.68633806530340136
  0.69602388449181229  0.70544907090206843  0.71489208023927919  0.72436662464647528
  0.73363541490897255  0.74347111879336536  0.75452189639492517  0.76626451998395317
  0.77824128609734056  0.78973572733422681  0.80105671517556831  0.81188590833184560
  0.82199130323043434  0.83178240857000163  0.84134703608584971  0.85061578193432796
  0.85962725941108176  0.86834903285421872  0.87697714380896052  0.88563543283513579
  0.89429463010055055  0.90318154638198844  0.91248036913590136  0.92233772799021829
  0.93251478177872171  0.94228725464398744  0.95177832425433773  0.96144543083106848
  0.97132001747760788  0.98130605267892657  0.99065028404967326  1.00000000000000000
   4.8904285331232155E-012  -1.0000000000000000     
 F F F F F F F F F F F F F F F F F F F F F F F F
  <DiscreteSampler_grid>
  grouped_processes
  1 # 1 for a reference and 2 for a running grid.
  10 # Attribute 'min_bin_probing_points' of the grid.
  1 # Attribute 'grid_mode' of the grid. 1=='default',2=='initialization'
  0.0000000000000000 # Attribute 'small_contrib_threshold' of the grid.
  0.5000000000000000 # Attribute 'damping_power' of the grid.
 # binID   n_entries weight   weight_sqr   abs_weight
    10   10   2.062589413176695E-001   2.473507764793552E-001   2.062589413176695E-001
  </DiscreteSampler_grid>
