  0.00000917348673656  0.00001057097608388  0.00001155327784935  0.00001252796305718
  0.00001353930075363  0.00001454705034965  0.00001557952139051  0.00001674668891683
  0.00001811754496256  0.00001964917069133  0.00002132474030138  0.00002306568391783
  0.00002481827493465  0.00002656916560135  0.00002848344825717  0.00003117229540843
  0.00003408281386039  0.00003708864200002  0.00004007446368851  0.00004345022921831
  0.00004741044997955  0.00005179230853800  0.00005645037906656  0.00006148125436050
  0.00006683372754569  0.00007255193047326  0.00007878273681466  0.00008567837592678
  0.00009279982287756  0.00009982707678383  0.00010630522535632  0.00011387805604807
  0.00012181828455398  0.00013005916263213  0.00013868532012818  0.00014755931364699
  0.00015644785014340  0.00016563646121826  0.00017522559256141  0.00018508521841643
  0.00019554801609433  0.00020703725310338  0.00021975734538859  0.00023432285943139
  0.00024808983065401  0.00025740784737674  0.00026640621215229  0.00027579871546467
  0.00028585896791674  0.00029623532527753  0.00030695335451149  0.00031800013688212
  0.00032858099572463  0.00034228486016381  0.00036185634572701  0.00038159295953141
  0.00040212559016467  0.00042544326161667  0.00045167406058720  0.00047987327757507
  0.00051135241836349  0.00054557466267296  0.00058009617147274  0.00061644442939212
  0.00065622511818915  0.00069682726765654  0.00073847941954532  0.00078591835117753
  0.00083960895344311  0.00089811379586760  0.00097043978750378  0.00105432400086478
  0.00115072079860635  0.00126183848506770  0.00139466438402249  0.00155082474853607
  0.00172900769898897  0.00193379954483009  0.00217483180971377  0.00246534926640780
  0.00282146568684062  0.00326467617956459  0.00379647493702330  0.00441855935084603
  0.00518700114656553  0.00624611205680337  0.00764550986430421  0.00955434357264639
  0.01232952043220391  0.01664229036498599  0.02341106333281476  0.03474557690245315
  0.05764079083357925  0.13771017149806958  0.90961001922516405  1.00000000000000000
  0.00000097468145623  0.00000320120797756  0.00000513525279274  0.00000697009034214
  0.00000882121345343  0.00001073175460723  0.00001269896662491  0.00001472306831498
  0.00001681278224223  0.00001898259938804  0.00002127634030396  0.00002370604536355
  0.00002622656919604  0.00002895053416075  0.00003181031231043  0.00003489593522611
  0.00003822543099213  0.00004168852389663  0.00004532926800644  0.00004910032669384
  0.00005296033525814  0.00005676744585801  0.00006073612725784  0.00006510641330190
  0.00007082718489255  0.00007841084050790  0.00008596035835750  0.00009348454269014
  0.00010103747599391  0.00010866434794191  0.00011661218801248  0.00012504412304572
  0.00013399723232365  0.00014323785090466  0.00015263897754160  0.00016249349819161
  0.00017348705032703  0.00018579799554954  0.00019875490153209  0.00021243888439327
  0.00022737991350325  0.00024326712511027  0.00026004050917772  0.00027759033167598
  0.00029533735105358  0.00031374375480722  0.00033359156946676  0.00035485114822886
  0.00037849424601766  0.00040477002943990  0.00043367210645914  0.00046594876005593
  0.00050096674786638  0.00053718951544277  0.00057585119912090  0.00061699054596987
  0.00066245624542876  0.00071444169181365  0.00077080826848702  0.00083166588282616
  0.00089845996395262  0.00097298304264309  0.00105472532405777  0.00114414859216609
  0.00124248205409319  0.00134988153970624  0.00146988381319964  0.00160309042384651
  0.00174864878870332  0.00190275688929040  0.00206733731407930  0.00225552169391087
  0.00246875941511185  0.00271580288057158  0.00299693060751550  0.00332180913262734
  0.00371025162188878  0.00417484030614008  0.00472100310876693  0.00533629011685571
  0.00604450820778464  0.00686136054931199  0.00783845104049252  0.00903504536613072
  0.01052783208175070  0.01241884029791535  0.01485133501258743  0.01798378975517244
  0.02224572512788445  0.02848238472987967  0.03779506523729090  0.05320378270481758
  0.08488079005837983  0.17923714911557098  0.80089095451836734  1.00000000000000000
 -0.00235827925161090  0.00907368103046222  0.01930660097120697  0.03051577937987388
  0.04159092005391614  0.05127165566368112  0.06075378378877528  0.07070975572773978
  0.08072592090535656  0.09066642096479391  0.10019856253799522  0.11052032142409822
  0.12199679454685157  0.13363282695456921  0.14550531990000998  0.15706660673600056
  0.16851097653568820  0.18037582336495170  0.19182473369874420  0.20313848084505939
  0.21457086445399046  0.22612087619474419  0.23760272377449121  0.24889460716506834
  0.26028855533486517  0.27148385603222247  0.28237182243687764  0.29300285485861799
  0.30339268516860068  0.31363965712205283  0.32358309329236001  0.33341713077823276
  0.34285685232715840  0.35254700044299070  0.36253336588617041  0.37230736679096244
  0.38171239352030933  0.39075552820518811  0.40003240790545713  0.41007731122603691
  0.42008825274557665  0.43056418794834656  0.44127569512473991  0.45242518643570795
  0.46333642912326795  0.47369102080989228  0.48403239544077792  0.49462288034089041
  0.50572929254582932  0.51710903642607320  0.52891083806621531  0.54017386618889052
  0.55053497788721784  0.56066673569219561  0.57088964484370419  0.58090858639629550
  0.59066567343028320  0.59973630536879108  0.61014321761277068  0.62089255616044348
  0.63236819070490868  0.64352400752137617  0.65433918992609152  0.66437831507029477
  0.67245911082215770  0.68027158000048571  0.68819584897660024  0.69591398583180986
  0.70337084013993156  0.71072331745679029  0.71854093846052369  0.72623370066649573
  0.73550838914643879  0.74819008120970110  0.76051570153177417  0.77291799265418426
  0.78479708539276261  0.79634371603762089  0.80819283616481152  0.81998185384509659
  0.83165339335030997  0.84313117056623854  0.85430873444048994  0.86548260549302247
  0.87657629709435059  0.88755062656147743  0.89867564285451329  0.91000870920060262
  0.92105571531363062  0.93156866868166710  0.94197726379747981  0.95259392832517154
  0.96356398805170629  0.97522289614439905  0.98700419718849319  1.00000000000000000
 -0.00040716200281747  0.00374254330669955  0.00441876354117730  0.00473522362949813
  0.00496865100266146  0.00515360482670098  0.00532600114638090  0.00549213364340099
  0.00565785791794468  0.00582253113079131  0.00598756641699816  0.00615462928939322
  0.00631967246597529  0.00648712192645208  0.00665829085053198  0.00683218170024761
  0.00700461619742198  0.00717573015096791  0.00734615828684860  0.00752471751067775
  0.00770672933980669  0.00789261066237949  0.00808346617219406  0.00828081245476946
  0.00848393838743553  0.00869165299341428  0.00890487372790317  0.00912291153592341
  0.00934414495310332  0.00956944277397036  0.00979831334543124  0.01004259484625767
  0.01029704724187240  0.01055687922104866  0.01082382592431976  0.01110415966719682
  0.01139118402375476  0.01168761124701875  0.01199430801747400  0.01231644273484465
  0.01265101358644269  0.01299881926233196  0.01336317756249726  0.01374515492245930
  0.01414299371069452  0.01455579812335234  0.01498097367125517  0.01541575782273386
  0.01586687781990615  0.01634091761305438  0.01683995572629201  0.01736868494592518
  0.01792435545118643  0.01849939842787801  0.01909190515113196  0.01969680371157064
  0.02031581709603817  0.02097584956337911  0.02171868722254355  0.02249685584927009
  0.02331264143301642  0.02416184245230879  0.02505462995858940  0.02597716351673295
  0.02696756597001996  0.02800799753298071  0.02910998812830569  0.03025614365830233
  0.03145489167351318  0.03271363653248421  0.03404445914330178  0.03544582460283532
  0.03690495207239021  0.03845092774679807  0.04007762043207578  0.04190178719303047
  0.04430871944071114  0.04705290646765427  0.04994510478702592  0.05308707264350406
  0.05650718362095643  0.06026296192249683  0.06480501248025787  0.07035149955500458
  0.07660353069855692  0.08378931519833349  0.09285890492184097  0.10346939612855166
  0.11714017943128927  0.13503086345910414  0.15814675474459852  0.19195317408065674
  0.24282188012650396  0.33557324050043569  0.62269884031987688  1.00000000000000000
 -0.00233523460980547  0.00851352411742360  0.01820706981999753  0.02852276232651165
  0.03870996350517510  0.04864275405499723  0.05840382300467328  0.06810759875669839
  0.07790657832154463  0.08777610051887466  0.09751697648910686  0.10709540010853122
  0.11671604842418928  0.12631520215071101  0.13571733943853334  0.14531143303379590
  0.15495729734261923  0.16493669856710505  0.17513646378449937  0.18516790953658538
  0.19528862517207909  0.20540668534882101  0.21397204023037386  0.22145162173043920
  0.22909917898355142  0.23708600518351047  0.24509087028751272  0.25309713093490188
  0.26108238708997811  0.26843873764589860  0.27828459240786696  0.29108829879315029
  0.30339340758082833  0.31537232355670802  0.32705970705463927  0.33902754713162597
  0.35053707691619895  0.36150404051525892  0.37249278827155591  0.38423150637694820
  0.39647825841526846  0.40870437335665488  0.42050094948934791  0.43265589137611338
  0.44559465514916585  0.45942019891541219  0.47350674389625852  0.48706522227312593
  0.50020178874605647  0.51325175394328515  0.52642822724424054  0.53916557164031353
  0.55194736254687582  0.56447960225304017  0.57662425491709424  0.58912539888098903
  0.60177090248094989  0.61411080778121296  0.62652347329894365  0.63909759036058411
  0.65171063956008179  0.66408563028019985  0.67661082163312358  0.68929416369796848
  0.70217802464292978  0.71497105467267541  0.72774510916387203  0.73893383046160099
  0.75007150136717071  0.76156567946265097  0.77205743432512353  0.78170695876014640
  0.79133829911689690  0.80113837918533504  0.81070940988347340  0.81960032022542229
  0.82840733315797477  0.83725735101661780  0.84655024209613305  0.85650800599516019
  0.86628583499375145  0.87603162872685214  0.88502994190982676  0.89371267598638504
  0.90275450208398267  0.91210009857413721  0.92132571194842505  0.93081488609862717
  0.94009279573702365  0.94859621080970480  0.95696714596159682  0.96546295968107221
  0.97434607070896784  0.98312315376794457  0.99150265503168666  1.00000000000000000
   2.7293268560464526E-012  -1.0000000000000000     
 F F F F F F F F F F F F F F F F F F F F F F F F
  <DiscreteSampler_grid>
  grouped_processes
  1 # 1 for a reference and 2 for a running grid.
  10 # Attribute 'min_bin_probing_points' of the grid.
  1 # Attribute 'grid_mode' of the grid. 1=='default',2=='initialization'
  0.0000000000000000 # Attribute 'small_contrib_threshold' of the grid.
  0.5000000000000000 # Attribute 'damping_power' of the grid.
 # binID   n_entries weight   weight_sqr   abs_weight
    10   10   1.343239197847842E-002   5.469633892955723E-004   1.343239197847842E-002
  </DiscreteSampler_grid>
