  0.00007173226846626  0.00007840314304057  0.00008297600915409  0.00008716295768069
  0.00009147978171291  0.00009721875219761  0.00010300112056981  0.00010883280096409
  0.00011474356725604  0.00012158294191560  0.00012865356276954  0.00013594308952055
  0.00014320204795374  0.00014969174918053  0.00015608235844192  0.00016277674629900
  0.00016920713154221  0.00017531361111916  0.00018155425527751  0.00018790910260662
  0.00019417120101425  0.00020054459936677  0.00020710418131838  0.00021388550596534
  0.00022110837684260  0.00022933809415844  0.00023853893462355  0.00024927809364986
  0.00025940530583240  0.00027013039445757  0.00028148069201508  0.00029315711681365
  0.00030505462951751  0.00031711351384831  0.00032936172185825  0.00034211988616865
  0.00035557058051362  0.00036925552912994  0.00038406606076041  0.00039996223091999
  0.00041596794408757  0.00043361081312420  0.00045203989244282  0.00047188957476488
  0.00049144123976504  0.00050852764249508  0.00052367463909626  0.00053998791287598
  0.00055727317371220  0.00057609565612709  0.00059513884312788  0.00061526841831956
  0.00063715091726037  0.00065906763889599  0.00068423143114458  0.00071533398992405
  0.00075025394938168  0.00079288349329683  0.00084098028620487  0.00089211606946783
  0.00094843786935890  0.00101169670762627  0.00108250734498772  0.00116094936238733
  0.00125167677849705  0.00134835083585361  0.00145674230574984  0.00157502335851055
  0.00170302448142925  0.00184394355721865  0.00199217848046289  0.00215439918212162
  0.00233473051453832  0.00254240564291814  0.00278571858627710  0.00306248656962895
  0.00338587304099498  0.00375883100027455  0.00418392730631649  0.00468422995972634
  0.00527945600475584  0.00597160929160127  0.00682951461418450  0.00789239642270291
  0.00917896720747482  0.01079680407942993  0.01289845954824606  0.01575167503125886
  0.01964824673700148  0.02517261497983383  0.03281156710257931  0.04549168336008071
  0.06599874701703747  0.10435052971467212  0.20999257251549339  1.00000000000000000
  0.00000164127939578  0.00000222912002025  0.00000368856431325  0.00000598153217054
  0.00000810143402396  0.00001022061167806  0.00001236151909087  0.00001454592039572
  0.00001687957391764  0.00001923446236862  0.00002179738119703  0.00002451876507120
  0.00002736612865472  0.00003041837644058  0.00003381214075377  0.00003739044238266
  0.00004127833339491  0.00004525443964090  0.00004931488494602  0.00005349249093200
  0.00005780684457569  0.00006243093854565  0.00006761390055744  0.00007304417499409
  0.00007862420266090  0.00008417824777185  0.00008978199793768  0.00009716834413748
  0.00010722034811579  0.00011808067449923  0.00012895731486776  0.00013994967437021
  0.00015119699431039  0.00016318592428925  0.00017575908141593  0.00018913725010900
  0.00020372444821237  0.00021957622010727  0.00023666239496289  0.00025546252306861
  0.00027800214342905  0.00030100843817174  0.00032327535238911  0.00034625541666128
  0.00037058734210118  0.00039654625518597  0.00042607037402000  0.00045974399224816
  0.00049579088752022  0.00053382294824959  0.00057431220037654  0.00061642939673048
  0.00066159364881273  0.00071278165858280  0.00077243679141912  0.00084000655265921
  0.00090988016045353  0.00097742138390295  0.00104691291650652  0.00112436583029299
  0.00120819111556369  0.00131405324867649  0.00142835098660883  0.00155654201521819
  0.00170095615933579  0.00186902058319281  0.00206677730463319  0.00227347647416394
  0.00248295779773794  0.00270259471951201  0.00295019621838082  0.00323599631894912
  0.00358190319492259  0.00399611570553083  0.00444904571581876  0.00494406710355490
  0.00548050647878502  0.00609023080486944  0.00681303177956183  0.00766025978771355
  0.00862177854877468  0.00970604613867913  0.01100327454386187  0.01255668793342105
  0.01448295004223457  0.01696936285065590  0.02030239206769920  0.02467681726584428
  0.03066336244623273  0.03941662013919757  0.05224568313789704  0.07174927370067877
  0.11499845708846812  0.21761818358538312  0.84184756579810216  1.00000000000000000
 -0.00233373467931258  0.00899396387583076  0.01862407152932227  0.02910318374865956
  0.03983636205852504  0.05031825368988888  0.06042671676024126  0.07096059961670238
  0.08190824799079596  0.09311431236912975  0.10439108500310972  0.11496743515535630
  0.12504165858895810  0.13521260191488343  0.14477936597741645  0.15224481121219186
  0.15933855096994404  0.16672018368028324  0.17406174496590901  0.18119843120090978
  0.18816540474477522  0.19525263293975822  0.20192368543078876  0.20911571557247202
  0.21905936647105637  0.23020263128579271  0.24132134425940796  0.25268615124239024
  0.26431112789371841  0.27580158697733009  0.28699158638069977  0.29765105875190073
  0.30813905788218454  0.31919746834323937  0.33021357157178649  0.34072712930896992
  0.35086274559524028  0.36141831502917382  0.37225722062249939  0.38299666686319667
  0.39347509892003968  0.40387603762397217  0.41436307310477793  0.42513704740568042
  0.43593230764797214  0.44628029712962564  0.45617213555434882  0.46595276288350573
  0.47599119542187746  0.48664790825233162  0.49769174907270552  0.50813421261180947
  0.51798502384366063  0.52778004078638163  0.53740214648595286  0.54696181731437055
  0.55677649602415602  0.56784458745646516  0.58043246518766545  0.59335974151044957
  0.60577631191525083  0.61785885387639916  0.62948702523513944  0.64119458077362490
  0.65342673161379916  0.66592850211552046  0.67836194154417051  0.69025379625033267
  0.70193367209181512  0.71309903475243464  0.72355784692826375  0.73392981152251158
  0.74445498611401251  0.75522336339266583  0.76654813192852789  0.77854663023655024
  0.79098363849700781  0.80363949195673645  0.81603508423069704  0.82882406786222074
  0.84129672526152632  0.85340888549906779  0.86500786910118577  0.87623019036685768
  0.88732956837665344  0.89827739862660572  0.90944471156944229  0.92060767020885570
  0.93149785383683092  0.94180564936605138  0.95162245961661096  0.96162852788858166
  0.97140968869311861  0.98131076217302748  0.99037754389822752  1.00000000000000000
 -0.00051789496694524  0.00407374246629574  0.00463827919920298  0.00506467948070345
  0.00539060964469730  0.00565421306210760  0.00591751744112371  0.00618016277343725
  0.00642935836042242  0.00668243786270728  0.00695331450966070  0.00721711983354846
  0.00747285616457101  0.00773456429589217  0.00799870855267306  0.00826592754128463
  0.00854265181437190  0.00882649420668644  0.00911817631824753  0.00941873082651756
  0.00972783928740797  0.01004275032778806  0.01036400178532264  0.01069204664701978
  0.01103064174907015  0.01137668293445259  0.01173346773116576  0.01210002806213651
  0.01247016331426775  0.01285591313030134  0.01324789080836765  0.01364709828338246
  0.01405722163644035  0.01447986024577123  0.01491140136460067  0.01535550828585096
  0.01581732458614625  0.01630160966687773  0.01680905529230623  0.01733986379052342
  0.01788683046644318  0.01844232959376764  0.01902014681578820  0.01961632664921640
  0.02021909864072564  0.02084897357126004  0.02157741980295265  0.02231730268752252
  0.02307816352988157  0.02385719869036121  0.02465701214548215  0.02547524101004943
  0.02631870636587699  0.02719376339506523  0.02810305513237403  0.02904221971320639
  0.03001034369306983  0.03102013269598632  0.03207320577274526  0.03316606374642026
  0.03428626161012038  0.03543634906600505  0.03661516860322414  0.03782851021486040
  0.03909038353993473  0.04037987690367746  0.04185271817511534  0.04379211511436897
  0.04590999197078441  0.04811176630695932  0.05038743823015521  0.05276401817646431
  0.05524337995931182  0.05788503511059986  0.06071177605811235  0.06405775431875639
  0.06816548842485096  0.07257734927157602  0.07734441747160864  0.08251106646587111
  0.08873603653868195  0.09578431197547883  0.10332551074508015  0.11262210333146563
  0.12300298226591296  0.13540763525833996  0.14982049091216837  0.16683647099696891
  0.18796419899395161  0.21353881590521603  0.24526504139412408  0.28716092580630409
  0.34516487868673090  0.43645236783518515  0.59928079806838574  1.00000000000000000
 -0.00127366734287303  0.00580078945383032  0.01194459654261104  0.01821791836458583
  0.02465324912790517  0.03127903675549425  0.03798993558239052  0.04439669959534816
  0.05073772351922656  0.05709798153809348  0.06472403824611854  0.07480621891310416
  0.08511142325548782  0.09494270399243655  0.10491372478370412  0.11534450500214745
  0.12615572411934142  0.13684014926380283  0.14803043645986180  0.15924694054676100
  0.16996570528381244  0.18054131171562507  0.19108896997870084  0.20160488670562662
  0.21173941685721118  0.22152385158957766  0.23147822252537775  0.24175264648184513
  0.25239819607088559  0.26319604947430186  0.27396195326519557  0.28484760167034845
  0.29540571090275103  0.30618190391781208  0.31684185099913043  0.32856068723069931
  0.34061184443111975  0.35277292785902992  0.36528861676668251  0.37791555616662587
  0.39075499322192414  0.40370838057424258  0.41654470609930999  0.42923550611230071
  0.44162251255445073  0.45370939592506282  0.46583196182259295  0.47772546623943968
  0.48849080344879603  0.49936939789761253  0.51027042562903080  0.52131029779464100
  0.53208304096671433  0.54307635621732575  0.55507140871797778  0.56740277926012583
  0.58145081509310415  0.59466964996514582  0.60755142689691688  0.62093683664953137
  0.63360195755767823  0.64625922430442517  0.65853392554483559  0.66956893563458042
  0.67924485039730287  0.68906345489243137  0.69920949076459860  0.70951649588442123
  0.71979434029305911  0.72968275956677908  0.74069302822296645  0.75145636183780218
  0.76206269127103488  0.77253792027085955  0.78292382882271172  0.79338373538507101
  0.80387675237121881  0.81439027741547043  0.82455462008054548  0.83508483043471049
  0.84552515996099797  0.85592819908194984  0.86588793743709036  0.87588452216926727
  0.88638326367464504  0.89716003180016957  0.90821352908237896  0.91924886304216968
  0.92990375723785801  0.94015352926930995  0.95007049126732568  0.95955022652129474
  0.96918905441505598  0.97875726774176330  0.98943306779277551  1.00000000000000000
   4.8642652729267299E-012  -1.0000000000000000     
 F F F F F F F F F F F F F F F F F F F F F F F F
  <DiscreteSampler_grid>
  grouped_processes
  1 # 1 for a reference and 2 for a running grid.
  10 # Attribute 'min_bin_probing_points' of the grid.
  1 # Attribute 'grid_mode' of the grid. 1=='default',2=='initialization'
  0.0000000000000000 # Attribute 'small_contrib_threshold' of the grid.
  0.5000000000000000 # Attribute 'damping_power' of the grid.
 # binID   n_entries weight   weight_sqr   abs_weight
    10   10   6.338295781923156E-002   1.673018371125508E-002   6.338295781923156E-002
  </DiscreteSampler_grid>
