  0.00000538610931707  0.00000608516586380  0.00000681189405611  0.00000769425537810
  0.00000862748008432  0.00000963072629325  0.00001074662321691  0.00001192576467074
  0.00001320487392692  0.00001472565767205  0.00001632743650515  0.00001795323018285
  0.00001959119116414  0.00002128338121215  0.00002324549725242  0.00002520688296786
  0.00002725962726244  0.00002919787966431  0.00003100273722119  0.00003307819076269
  0.00003550105008195  0.00003791347294458  0.00004053144205418  0.00004318205516804
  0.00004644742946663  0.00004979565058968  0.00005320838867092  0.00005680684923668
  0.00006047555141909  0.00006420490332347  0.00007072004569469  0.00007782968506443
  0.00008518495014536  0.00009283548662258  0.00010084496176448  0.00010899563863275
  0.00011703869244962  0.00012511695107681  0.00013382842543233  0.00014266342627191
  0.00015142651986158  0.00016019792464030  0.00016797058306601  0.00017480163610690
  0.00018184705745817  0.00018887508574500  0.00019601575266987  0.00020366111064494
  0.00021203442286119  0.00022039195222486  0.00023059911336462  0.00024410363387266
  0.00025807313098937  0.00027356751880706  0.00028828597268803  0.00030314479587256
  0.00031836413025356  0.00033411048255408  0.00035146356206502  0.00037152408545781
  0.00039592070716657  0.00042327599124430  0.00045333587593997  0.00048676108417210
  0.00052523460989984  0.00056910741688662  0.00061859550224161  0.00067655016064003
  0.00074541602499976  0.00082424328290084  0.00090642893671626  0.00099259609535167
  0.00108789534608784  0.00119718988664329  0.00132747084513824  0.00148426783241790
  0.00166578078861257  0.00188159482857651  0.00212272708008352  0.00239627346988049
  0.00271737607048152  0.00309689645231616  0.00356844332423421  0.00420148524928500
  0.00500955559140132  0.00606814780138376  0.00749536463997914  0.00933178166530413
  0.01187853603716296  0.01576264054874862  0.02148635114251089  0.03131389753048894
  0.04905272106918467  0.08310528054581681  0.18794171148779182  1.00000000000000000
  0.00000133657081801  0.00000302499937956  0.00000453181261298  0.00000632429945700
  0.00000814843808152  0.00000993138861816  0.00001172128684532  0.00001357296676597
  0.00001554763917037  0.00001764612288383  0.00001981413906521  0.00002205082901486
  0.00002436470892367  0.00002674631644088  0.00002917544408519  0.00003156536443407
  0.00003446959285862  0.00003761956028581  0.00004091321651756  0.00004434315733187
  0.00004795394191142  0.00005177977949470  0.00005578358323083  0.00005974500288899
  0.00006391786570086  0.00006998272257668  0.00007700204693739  0.00008479423959561
  0.00009344443336889  0.00010304911484789  0.00011393827371403  0.00012490106787408
  0.00013587031071471  0.00014682281482681  0.00015765785835148  0.00016809632987765
  0.00017893086138473  0.00019098450035270  0.00020463681774016  0.00021951663602212
  0.00023204475965818  0.00024317477103556  0.00025554568131317  0.00026886319865154
  0.00028295886815960  0.00029633108175606  0.00031252987339547  0.00033753400367931
  0.00036354281138314  0.00038930022075675  0.00041578880143583  0.00044345294007929
  0.00047248184783569  0.00050425757082352  0.00053968859651736  0.00057804429008861
  0.00061915173206513  0.00066338105383480  0.00071143429966506  0.00076724240963245
  0.00083157372913819  0.00090167694783145  0.00097434325758649  0.00105524787478569
  0.00114377614431837  0.00123964830600838  0.00134494782242481  0.00145647301092977
  0.00158312589479457  0.00172831303903300  0.00189122785692563  0.00207647864658877
  0.00229121392255951  0.00253093865456391  0.00281064574644887  0.00313665403132117
  0.00353591669140298  0.00397513295650771  0.00445647370897447  0.00501769855316848
  0.00569831433722286  0.00649774356989612  0.00748109226492411  0.00871388117315331
  0.01025522913100866  0.01217620461756520  0.01450878742601512  0.01727597226809770
  0.02088055919668820  0.02638128149513246  0.03418496303930069  0.04596824758351721
  0.06463038587153697  0.10292457743829858  0.20212870592438290  1.00000000000000000
 -0.00264580029902726  0.00986557568359279  0.02108762614993952  0.03285950731443975
  0.04448695878916899  0.05606807951157222  0.06774472843922934  0.07976435335336217
  0.09258194033518179  0.10445227780878760  0.11463710813846044  0.12452232877823205
  0.13471617115254600  0.14500041912622771  0.15498491535454176  0.16482135817162732
  0.17540929185558143  0.18627513360960285  0.19661901878145505  0.20706423034495414
  0.21783280265241975  0.22826803881365507  0.23824874344926353  0.24854603468461811
  0.26045505472260561  0.27283676296768450  0.28483773480435237  0.29595474516416537
  0.30644071367174130  0.31681194938570784  0.32709389367783320  0.33756188553196770
  0.34841496228124835  0.35970167931512825  0.37146716831428217  0.38321423886159850
  0.39465820708847293  0.40436424575589874  0.41382664661728324  0.42375456420644142
  0.43384337867859124  0.44241205239760961  0.44928794588400645  0.45622335666795810
  0.46342450627977450  0.47069409192503670  0.47790283888442070  0.48542449628902912
  0.49278760341891858  0.50061475770390962  0.51056212782024013  0.52154142119433233
  0.53261246023943909  0.54334462177625453  0.55360197271798584  0.56424044353420699
  0.57551095725162893  0.58710775027793105  0.59853362912356478  0.60835155836586752
  0.61560098972048016  0.62315917194471171  0.63043852024041291  0.63803230969910196
  0.64596608943234468  0.65384987191824329  0.66175273047071681  0.67098421492424354
  0.68197357962062821  0.69300556206015707  0.70374897241721535  0.71466328827077219
  0.72573036076600306  0.73774507487628460  0.75104888686515681  0.76420764699086408
  0.77692292496761317  0.78985931839770807  0.80127434215780491  0.81261201123755156
  0.82373861445712770  0.83531001485818723  0.84763135092441999  0.86021297666370566
  0.87237654697935429  0.88382838970998368  0.89500583341084672  0.90650477177334876
  0.91828346364976066  0.93003757103533280  0.94132366771889331  0.95258711850427957
  0.96406852562925782  0.97566205912247017  0.98778512442822819  1.00000000000000000
 -0.00036303208252273  0.00422833911685384  0.00480011339785388  0.00517631363811493
  0.00548734831040449  0.00568621706531872  0.00586528843080542  0.00605462323686371
  0.00624462162766044  0.00643572416440479  0.00662462729505321  0.00681129869226731
  0.00700224004204913  0.00719257521131906  0.00738106125521208  0.00757046945300802
  0.00776138769423446  0.00795516360788066  0.00815043967829099  0.00835663377388926
  0.00858107381486740  0.00880720799280492  0.00904068728239285  0.00928553091304183
  0.00954792844725218  0.00981150579036158  0.01008020741961776  0.01037518525682323
  0.01067354241209110  0.01098289008895766  0.01130757338484055  0.01164411378553216
  0.01199350269722288  0.01235349819580931  0.01272378468393869  0.01310941768624363
  0.01351187240901571  0.01392464628520128  0.01434606176754726  0.01477681239054426
  0.01522155003266928  0.01568243626064553  0.01615704082818576  0.01664893134830820
  0.01715212601601257  0.01766669582587757  0.01819920046723904  0.01875498608946452
  0.01934028104718122  0.01995626781549293  0.02060511530971738  0.02129157388249382
  0.02207684265177898  0.02286681885034721  0.02367876632695641  0.02452589991301569
  0.02540385255783956  0.02630404157122329  0.02723201802168989  0.02819048404516010
  0.02918614374625769  0.03024346425560454  0.03132431891795099  0.03243413968940024
  0.03359241468520199  0.03479580375993255  0.03603646348816850  0.03731445316350518
  0.03863721669322918  0.03997537745667916  0.04142663718578815  0.04350807291427981
  0.04633935222804311  0.04917170253344409  0.05218213572351029  0.05537422066240682
  0.05879057267584285  0.06269365182301651  0.06749639441703291  0.07288472091348645
  0.07874338879922345  0.08542721932330066  0.09333798965699441  0.10210177431379346
  0.11269837545772197  0.12468623257971956  0.13906469348797509  0.15620385886473956
  0.17710109553261466  0.20258300913358332  0.23546806097264208  0.27831941925783593
  0.33794116726939583  0.43193214348452774  0.59844951601609475  1.00000000000000000
 -0.00229131740975952  0.00893324535001654  0.01833700090717597  0.02802324254833226
  0.03769782304355865  0.04811525444201586  0.05901287790363148  0.06908244713747183
  0.07859860037168837  0.08845252689020011  0.09889036554789114  0.10958259060788050
  0.12001472937479582  0.13049466676247085  0.14170684241942683  0.15246028672171080
  0.16295499293538085  0.17335713734416686  0.18348565384758511  0.19366925681915129
  0.20390221618279525  0.21428087197355625  0.22526964583264472  0.23743850355775425
  0.24999599387020702  0.26222040920912709  0.27433972140096669  0.28638085736793584
  0.29810776340928502  0.30956528117085508  0.32095599613557874  0.33323836934678580
  0.34678261697596457  0.36045267421668281  0.37370450942042654  0.38636108539939973
  0.39874617145940788  0.41222762415722797  0.42675224470478595  0.44070401760161015
  0.45392796039989652  0.46677138820324526  0.47980969336165918  0.49327681200303830
  0.50813732230334163  0.52149863704695976  0.53149019342799919  0.54095285504488932
  0.55040286962190610  0.56031345145994660  0.56844699565828183  0.57613465844868417
  0.58383465434420645  0.59207178079242317  0.60057807999236579  0.60883634261927866
  0.61699747287030460  0.62678748534822815  0.63941469794430239  0.65241822188688170
  0.66452121711339662  0.67618300553805488  0.68758990613377302  0.69849945898758703
  0.70925149037116841  0.72007404727253943  0.73070311660658605  0.74106434344572747
  0.75038082577001275  0.75818846899526060  0.76601512103756264  0.77386756591668948
  0.78138521373040126  0.78861464456918073  0.79620840973466245  0.80399420806223010
  0.81265091471179585  0.82374619512436420  0.83585723462434958  0.84722811466053616
  0.85712752527610059  0.86586034718925275  0.87453020586642660  0.88306367470536529
  0.89131776323599132  0.89944797672427512  0.90779686528034176  0.91691568511560140
  0.92738772568739536  0.93862577274904335  0.94940032405130315  0.96015127474031148
  0.97037458669559606  0.98067995588781720  0.99035345294199850  1.00000000000000000
   5.5221903196900644E-012  -1.0000000000000000     
 F F F F F F F F F F F F F F F F F F F F F F F F
  <DiscreteSampler_grid>
  grouped_processes
  1 # 1 for a reference and 2 for a running grid.
  10 # Attribute 'min_bin_probing_points' of the grid.
  1 # Attribute 'grid_mode' of the grid. 1=='default',2=='initialization'
  0.0000000000000000 # Attribute 'small_contrib_threshold' of the grid.
  0.5000000000000000 # Attribute 'damping_power' of the grid.
 # binID   n_entries weight   weight_sqr   abs_weight
    10   10   2.553731936288461E+001   6.001765503800374E+003   2.553731936288461E+001
  </DiscreteSampler_grid>
