  0.00002974172646170  0.00003300381505425  0.00003564530112965  0.00003840510111777
  0.00004089706593825  0.00004339711333697  0.00004608755466201  0.00004916485128703
  0.00005235018660762  0.00005569949816219  0.00005915928509215  0.00006274901951950
  0.00006651491231012  0.00007048411360665  0.00007456493600496  0.00007882200600929
  0.00008316735027303  0.00008761055202475  0.00009251026371752  0.00009836260479225
  0.00010569028129232  0.00011261688712643  0.00011973458380161  0.00012740852616117
  0.00013598167451020  0.00014441153095588  0.00015296919285765  0.00016224784645295
  0.00017023870427770  0.00017821717054510  0.00018664108047986  0.00019488291630839
  0.00020291577577602  0.00021136310686465  0.00022015017416582  0.00022827070025549
  0.00023605942316259  0.00024381274490981  0.00025234618091692  0.00026142717152994
  0.00026996517106583  0.00027838590049622  0.00028740006178042  0.00029611258662543
  0.00030599781419705  0.00032192815157534  0.00033933020263926  0.00035827850113185
  0.00037748379195414  0.00040136988126379  0.00042073148061435  0.00043983060128143
  0.00046030424763550  0.00048122638565676  0.00050220512057395  0.00052507896564095
  0.00054704214338384  0.00057607721292756  0.00060782582060536  0.00064218235244379
  0.00068149311358107  0.00072502894314539  0.00077509882543628  0.00082973606909638
  0.00088797456612343  0.00095158749691835  0.00102338722312838  0.00110407659990747
  0.00119316082029522  0.00128740173803616  0.00139044267904054  0.00150761898538971
  0.00163953777378056  0.00182157662728384  0.00200210255461433  0.00221370670542827
  0.00243818667921531  0.00272442125033202  0.00306054588693845  0.00345989978460760
  0.00392782394126284  0.00448747059613658  0.00516469159620405  0.00597751542306521
  0.00697461002098089  0.00824612360496656  0.00996990184084381  0.01227841936983594
  0.01549866289055242  0.01987080138973546  0.02636040490920538  0.03674258886602701
  0.05456964438321951  0.09132412459161580  0.18525824897514437  1.00000000000000000
  0.00000116653548252  0.00000336739777869  0.00000517466887194  0.00000722994720084
  0.00000954192038192  0.00001181419557513  0.00001427229446076  0.00001680456654233
  0.00001939319195017  0.00002209787117886  0.00002492601194435  0.00002796661175888
  0.00003125007519956  0.00003475993684724  0.00003840992703130  0.00004251933669455
  0.00004660666239343  0.00005077866423110  0.00005505861264511  0.00005945794678171
  0.00006429776039001  0.00006995821837792  0.00007583551495864  0.00008183223108900
  0.00008820043560146  0.00009465543058986  0.00010139814882658  0.00010828539586323
  0.00011520162332403  0.00012239052795785  0.00013066321288820  0.00013893358539379
  0.00014911419930065  0.00016097167985346  0.00017279588326644  0.00018485574310712
  0.00019750940638302  0.00021125958336413  0.00022674181708908  0.00024409442098212
  0.00026319570393495  0.00028346823874482  0.00030450742554008  0.00032607317289959
  0.00034852121486900  0.00037206155882135  0.00039704511259593  0.00042392012173847
  0.00045286732919397  0.00048369477868122  0.00051659294806769  0.00055176704618773
  0.00058987332422132  0.00062959621115306  0.00067136083478488  0.00072006475635544
  0.00077396796689168  0.00083674044670445  0.00090976532553807  0.00098732157698594
  0.00106742237633873  0.00115364175424837  0.00124862193876453  0.00135097911560923
  0.00146532983695708  0.00159970980096547  0.00176427037490343  0.00194574931716227
  0.00212983411676197  0.00232623654024028  0.00254914276397998  0.00282120564897937
  0.00312803482146516  0.00347103973353270  0.00385166203678039  0.00428287815983905
  0.00477965920505369  0.00536735506521324  0.00606397408979545  0.00686653775327269
  0.00779951387990651  0.00889001499843469  0.01015566251011554  0.01168509334911124
  0.01358804531162098  0.01599968316437341  0.01895365092112027  0.02294280060147742
  0.02887270731553861  0.03696576630201350  0.04885289909338418  0.06856466529234535
  0.10685199056657983  0.20245722554524154  0.81176099496708254  1.00000000000000000
 -0.00325764107707964  0.01095723551177444  0.02312876561555952  0.03529162394908332
  0.04746046085900103  0.05959221344803513  0.07173280570265803  0.08348833803341248
  0.09451610453758873  0.10514040254972780  0.11586187297719258  0.12664581132721528
  0.13739049122739294  0.14832022832818770  0.15912425701662816  0.16984324186244609
  0.17937211063133884  0.18904427602710830  0.19845552253479373  0.20772802371012317
  0.21731090332273473  0.22729930386895034  0.23790626222627734  0.24903234330141252
  0.26008724338158817  0.27091642352057071  0.28169067693121425  0.29296974581271396
  0.30466008426758207  0.31640558510416117  0.32777996472796311  0.33822735787801050
  0.34812853187048026  0.35797665488197872  0.36843326518072411  0.37914323314731507
  0.38928551078500723  0.39986458342159809  0.41101657704974898  0.42178295465890808
  0.43230594682197915  0.44257082057402231  0.45337626896317429  0.46453067799742803
  0.47604328158447595  0.48719733629234541  0.49810076853670449  0.50927917206913875
  0.52041240930737587  0.53124040141200879  0.54197103326219365  0.55319815989212873
  0.56487243754205785  0.57686703255421712  0.58839379211065101  0.59893871667956367
  0.60958023431011898  0.62005949704022167  0.63090291471768478  0.64198374234650335
  0.65352113570691062  0.66472308797303037  0.67572269999477474  0.68674684002803854
  0.69454797162253024  0.70287049404408519  0.71155769907732469  0.72026085008235974
  0.72882211254160978  0.73755270266208484  0.74626301150599816  0.75620163286838260
  0.76758115242737635  0.77807545547038071  0.78795966549383534  0.79829567834102999
  0.80858524045591573  0.81786867017322507  0.82672893825795468  0.83569360996253084
  0.84406197720940701  0.85223380594869802  0.86105919002648468  0.87032496357336242
  0.88153288924021855  0.89556751848701677  0.90760352597168525  0.91910983611720765
  0.92981669680064871  0.94120722128609591  0.95305350494415619  0.96396114934487609
  0.97397235081609979  0.98327405041619764  0.99178175396751134  1.00000000000000000
 -0.00033785045857182  0.00398864247295156  0.00454306388783159  0.00490151877038048
  0.00522181734674565  0.00542994325234174  0.00563888733304926  0.00585176450978122
  0.00606391686541217  0.00627174040139523  0.00648305327441667  0.00670606124188552
  0.00693310703750003  0.00716484939713093  0.00739035256462756  0.00761620151293439
  0.00784878265568292  0.00809427074224573  0.00834927232868643  0.00862512478729973
  0.00890311945278107  0.00918528507652090  0.00948537282068689  0.00979140943888034
  0.01010812527361168  0.01044118688463867  0.01078377232293377  0.01112572928934166
  0.01146906083659129  0.01181632868391669  0.01217045968598368  0.01253486131334229
  0.01290800882684427  0.01328997091892108  0.01369085334191719  0.01409736140761422
  0.01452762173500849  0.01496820931530426  0.01542275558197118  0.01590117742337358
  0.01638905180676798  0.01690252684486546  0.01743155538437674  0.01797353864486063
  0.01853296669112715  0.01910797332239985  0.01969536593698496  0.02030880904092240
  0.02097775545176691  0.02168447450233127  0.02245315962115383  0.02325193629502733
  0.02407905278417558  0.02493833012592186  0.02583806780552095  0.02675522408410168
  0.02768886342130317  0.02865229454719682  0.02964211997837726  0.03066258537413799
  0.03172692807081109  0.03284759650680303  0.03402376956594688  0.03525574624390210
  0.03650354493747000  0.03779337184339662  0.03915329712405240  0.04051781896117767
  0.04214870919960996  0.04428555956223312  0.04662284148860862  0.04909766734767030
  0.05169601733195474  0.05441530894733529  0.05729305479905130  0.06028588170969115
  0.06385879411855581  0.06830042927846332  0.07305933468707375  0.07813746754271378
  0.08381588547288646  0.09094655159064635  0.09881427823700017  0.10785154642754329
  0.11826531181673307  0.13024223244302008  0.14465356906604107  0.16146792076509978
  0.18256113772497629  0.20813945591971980  0.24061528781570451  0.28304910992245208
  0.34103532994548263  0.43342669236218939  0.59938484626238475  1.00000000000000000
 -0.00262536679442670  0.00845967994000613  0.01896108023956895  0.02936293411817697
  0.03989173161695838  0.04966968630313343  0.05889395069700021  0.06821711661273942
  0.07755127502601845  0.08711218740418310  0.09636683293935312  0.10583455794754537
  0.11589121609590415  0.12593197739068548  0.13638629225763113  0.14668550733746757
  0.15755227485876785  0.16817130360017452  0.17897337922734893  0.18939104706923610
  0.20010754993415450  0.21011018039422727  0.21782350915487997  0.22617425213193515
  0.23479290967597527  0.24319492514039445  0.25123032010102042  0.25908342988196759
  0.26701739771872951  0.27613001289594347  0.28671799460038394  0.29775497271995677
  0.30908464054453200  0.32052932087111075  0.33207343283234475  0.34393712029551005
  0.35584347223602092  0.36782221851726665  0.37973443728777134  0.39133869139841421
  0.40301708877933923  0.41503387724482432  0.42771459840021431  0.44146765943054261
  0.45628817746222727  0.47053455059906063  0.48389205774839167  0.49657812591422534
  0.50700655824506846  0.51615700969020351  0.52578041390648245  0.53549678252847444
  0.54527736954018213  0.55521403084300014  0.56476935240497006  0.57925681060068002
  0.59335872156182390  0.60790073114513754  0.62030771714044353  0.63259713081481228
  0.64511263454154433  0.65656758513697888  0.66767422295216983  0.67866842867144039
  0.68941601114698003  0.69957454583995704  0.70960575267068016  0.71960839157178702
  0.72935410833490633  0.73866680698688081  0.74833223310185482  0.75945682661770997
  0.77183839531426646  0.78456928949857285  0.79705397202800421  0.80907743387007369
  0.82066864930114236  0.83191002242711298  0.84266298141420837  0.85310342496579883
  0.86355147466313864  0.87366711011544684  0.88321121527913271  0.89246704133851817
  0.90176413300358915  0.91135279925399904  0.92094321756523101  0.93084681142147463
  0.93968247916425696  0.94777404862055026  0.95581840192364553  0.96422874255482582
  0.97307131821667547  0.98186277304235436  0.99089366301589266  1.00000000000000000
   5.1827459679212601E-012  -1.0000000000000000     
 F F F F F F F F F F F F F F F F F F F F F F F F
  <DiscreteSampler_grid>
  grouped_processes
  1 # 1 for a reference and 2 for a running grid.
  10 # Attribute 'min_bin_probing_points' of the grid.
  1 # Attribute 'grid_mode' of the grid. 1=='default',2=='initialization'
  0.0000000000000000 # Attribute 'small_contrib_threshold' of the grid.
  0.5000000000000000 # Attribute 'damping_power' of the grid.
 # binID   n_entries weight   weight_sqr   abs_weight
    10   10   8.333590338649649E-002   2.152991460177782E-002   8.333590338649649E-002
  </DiscreteSampler_grid>
