  0.00001745137452793  0.00001891391199089  0.00001999509650502  0.00002107698010354
  0.00002220158323860  0.00002337204917156  0.00002464067205809  0.00002603396387814
  0.00002747789009945  0.00002895472267886  0.00003046013063742  0.00003182541680587
  0.00003395306599202  0.00003655237210098  0.00003929187372639  0.00004198926950543
  0.00004485997296170  0.00004780500253661  0.00005087606485039  0.00005405401468357
  0.00005717575031953  0.00006030833903724  0.00006368739297309  0.00006762143494164
  0.00007330460149552  0.00007908668567390  0.00008503647193465  0.00009107084814723
  0.00009714230723630  0.00010342070970640  0.00010994038743828  0.00011665971014733
  0.00012473202563108  0.00013390913699389  0.00014318255380069  0.00015477184001475
  0.00016553564723572  0.00017534066051238  0.00018516968858783  0.00019559733941048
  0.00020646830122547  0.00021746129426809  0.00023028710226073  0.00024515857268906
  0.00026022806166065  0.00027640367144731  0.00029408575144256  0.00031304509905120
  0.00033028891527401  0.00034663270593653  0.00036369724459488  0.00038216445178604
  0.00040389059633108  0.00042865771138275  0.00045582227218796  0.00048485381098836
  0.00051432263352992  0.00054404031348825  0.00057622293300738  0.00061183223058712
  0.00065163182643410  0.00069659262424578  0.00074634842827826  0.00079907089269734
  0.00085421551641811  0.00091505045137416  0.00098160602157776  0.00105678001708741
  0.00114269704273180  0.00124013153941779  0.00134878090257593  0.00147212867281896
  0.00161715162824260  0.00178469897423576  0.00196852577904292  0.00217012212252219
  0.00240866924153084  0.00269896230998806  0.00303036112172221  0.00339599076651035
  0.00383912532611758  0.00438873491143107  0.00504249224264669  0.00586844255573961
  0.00691680466008697  0.00824303786976910  0.00999761215972339  0.01241971706192044
  0.01571048432120582  0.02056246913429853  0.02772802166553969  0.03912100184813102
  0.05823748224689376  0.09489918114456114  0.18873689576755903  1.00000000000000000
  0.00000071225521927  0.00000349763994850  0.00000642705086344  0.00000973673552046
  0.00001326368275162  0.00001694242593576  0.00002106932559108  0.00002530667494119
  0.00002967177198120  0.00003463622756526  0.00003966615198609  0.00004480136389761
  0.00005026315770931  0.00005602293173598  0.00006220729635347  0.00006889157347690
  0.00007611944607686  0.00008384431620326  0.00009176841593632  0.00010003363698268
  0.00010870888755984  0.00011780655186483  0.00012743769137468  0.00013814943600592
  0.00014624530061479  0.00015350477587046  0.00016109982492842  0.00016886375177071
  0.00017685921163792  0.00018492556416979  0.00019317296495034  0.00020169478631131
  0.00021209599403557  0.00022401350194164  0.00023626724623236  0.00025018717487225
  0.00026744205225790  0.00028570844828915  0.00030521593087576  0.00032589818272225
  0.00034754693962807  0.00036988901591971  0.00039277994694298  0.00041721825012726
  0.00044356371216527  0.00047158348433710  0.00050337922532617  0.00053999399321003
  0.00058055152446717  0.00062419652197338  0.00067039529732262  0.00071981585341387
  0.00077339168780136  0.00082491679166884  0.00086808955773272  0.00091144465387134
  0.00095863467916909  0.00100882431244227  0.00106401877817849  0.00112740258287290
  0.00121340600080431  0.00131182112019444  0.00141505676939909  0.00152737694037783
  0.00165353474950906  0.00179731632073128  0.00196023440195508  0.00213898679029299
  0.00233588917109870  0.00255367893145783  0.00279943939881499  0.00306953402470512
  0.00337490665052439  0.00373190504117639  0.00414891062447071  0.00462841166936902
  0.00514230742481993  0.00576972605433092  0.00653032492792796  0.00739490512344081
  0.00835408823299068  0.00947604943949679  0.01078431615342459  0.01236451640666711
  0.01434915082653748  0.01692966997993700  0.02024476763258854  0.02453992764407388
  0.03025139751828308  0.03908215090155199  0.05141639593379443  0.07089434480142631
  0.10855951801062523  0.19330684481208682  0.83283760908522109  1.00000000000000000
 -0.00252599944268776  0.00921716966010153  0.02008115212208389  0.03083305974872009
  0.04199505740813182  0.05327931511858085  0.06500572937972957  0.07694555251005424
  0.09010282156049072  0.10213271541874271  0.11391936844447216  0.12499909173039064
  0.13595647709293798  0.14687565919971107  0.15543757423501162  0.16328306071984822
  0.17123000325843066  0.17975114839893525  0.18793861142167578  0.19617012502958808
  0.20377249296461655  0.21341317635165394  0.22535733851246756  0.23700322087760498
  0.24817893082440717  0.25918304848282758  0.27006938332622443  0.28109174755582461
  0.29230679325256725  0.30373647216188504  0.31535973193578770  0.32712292343318866
  0.33850376241068397  0.34957808758404957  0.36096623098719560  0.37264748620269539
  0.38408093516306485  0.39534697389463064  0.40744598098777257  0.42003865828616865
  0.43212764075746102  0.44361105866056105  0.45535077186718192  0.46678060572738483
  0.47741567878590063  0.48765242971201012  0.49782433487400063  0.50842045762456589
  0.51983609428449384  0.53196664166879382  0.54422094836255974  0.55581479773099585
  0.56689197923895096  0.57746725843799607  0.58775970176050096  0.59804349059772444
  0.60864830500970624  0.61979446870455723  0.63118368860291074  0.64255677773070163
  0.65351132905335774  0.66412740387823366  0.67481744250138653  0.68532916178216641
  0.69579377913966811  0.70658783816507431  0.71768760493541328  0.72891831303431631
  0.74033074840066970  0.75170867580268463  0.76312942183972021  0.77497749752996359
  0.78763186166986132  0.79970951456229966  0.81115944297275877  0.82112422672131080
  0.83032396064446701  0.83969437289857940  0.84864433565034536  0.85792933844530284
  0.86775950303168214  0.87710133311653560  0.88442108076872084  0.89220650447135652
  0.90015038670474423  0.90755293664136505  0.91472994486310033  0.92224653477726737
  0.92983570858936959  0.93688353211929121  0.94658141304791910  0.95727467634401620
  0.96818873251912929  0.97911593771280625  0.98962599705769161  1.00000000000000000
 -0.00038272276549273  0.00407942125136463  0.00461263012090799  0.00493174541947542
  0.00515837663253144  0.00535528495077637  0.00554203449983777  0.00575215372970356
  0.00595382462394795  0.00614089291300706  0.00633080037004019  0.00652022242651468
  0.00670390329831732  0.00689302551503659  0.00708642722737904  0.00728796145301959
  0.00749189148332344  0.00769883238852616  0.00792108849986083  0.00815460924414755
  0.00840650301827143  0.00866398156593268  0.00892994182156991  0.00921709485914290
  0.00950958946810609  0.00980416155261936  0.01009986658592616  0.01040426073618239
  0.01071445882672492  0.01103227386013224  0.01137532771328905  0.01172071101795044
  0.01207262339165228  0.01243361628733190  0.01279869952910945  0.01318414367108950
  0.01357647304865963  0.01397511660097712  0.01438516936146148  0.01481185807305453
  0.01526992749313973  0.01574338235896626  0.01623266989633585  0.01674225120286843
  0.01726963448413021  0.01780911326062305  0.01836696836554606  0.01894440330835030
  0.01954595637890579  0.02017362207172982  0.02086797057967472  0.02163353677754052
  0.02244183084990152  0.02327642664575658  0.02413180684757145  0.02502301283154913
  0.02594997416912346  0.02690682284836660  0.02790701665860846  0.02893527571971561
  0.03000951983176594  0.03111868420169369  0.03227267603760316  0.03346990634457796
  0.03470460429891046  0.03599440032870702  0.03734301396619395  0.03873669060178227
  0.04016383476173557  0.04175480816868742  0.04392088476170086  0.04652212713895978
  0.04918141493295625  0.05200448981615482  0.05499214070938402  0.05820258702679721
  0.06160446126201567  0.06603765312985700  0.07107493973236022  0.07650166776893300
  0.08226659828524532  0.08946240461802098  0.09741821497655390  0.10636459580946703
  0.11683675812174393  0.12879755761406098  0.14281991012463122  0.16034298917980078
  0.18169050122630515  0.20699562835597407  0.23949057464619761  0.28185323867978523
  0.34035577045176002  0.43284347827893144  0.59877835428002568  1.00000000000000000
 -0.00286839991429129  0.00948245990286184  0.02090265806479505  0.03238477824957531
  0.04397353884569956  0.05515683986292184  0.06595109387798725  0.07623287341955977
  0.08593808346077697  0.09536439748135736  0.10467379494773124  0.11436698668775069
  0.12442676324205706  0.13448360498768727  0.14465791887489396  0.15495003905612936
  0.16515375598344137  0.17493413065598781  0.18485647526852420  0.19529251936001654
  0.20603698918222607  0.21710388280512835  0.22854522856766227  0.24014322068829069
  0.25206677377393372  0.26385913383137205  0.27534965517815502  0.28680051173314336
  0.29829159577626768  0.31037806797848155  0.32300055576476561  0.33564578564038616
  0.34817813666580527  0.36062029936549800  0.37282979323610460  0.38508005282407137
  0.39748640370410226  0.41021553455426052  0.42271258387181815  0.43460030354127921
  0.44661285810728990  0.45938846573907893  0.47239456215633818  0.48329576069522046
  0.49191544268264947  0.50067898258700094  0.50909845432504786  0.51719992228426848
  0.52491038920941524  0.53142082601157614  0.53790979010392515  0.54627826142938130
  0.55688602673367094  0.56726609896173186  0.57854535197412171  0.59009323807675973
  0.60230273021297331  0.61519444360492004  0.62822400409569690  0.64067639944768895
  0.65283133689642403  0.66407088450552931  0.67482356901232754  0.68482276134801678
  0.69597216128097916  0.70702681679513746  0.71616566291721162  0.72431655398802841
  0.73189224087956350  0.73943842754918787  0.74762990530843443  0.75597847224051351
  0.76384672228492578  0.77115877276828104  0.78112719477632664  0.79088718174932837
  0.80054154060293503  0.81012640194565422  0.82011589392961659  0.82980530260168051
  0.83931991636796510  0.84903159910255277  0.85956983030060596  0.87060404948831194
  0.88153663251409364  0.89242468940715003  0.90357522913138100  0.91415427429855534
  0.92414505965295424  0.93389486776666120  0.94401399913108397  0.95492678642289541
  0.96643842657160706  0.97797329192636562  0.98902516912711491  1.00000000000000000
   5.2421683440281646E-012  -1.0000000000000000     
 F F F F F F F F F F F F F F F F F F F F F F F F
  <DiscreteSampler_grid>
  grouped_processes
  1 # 1 for a reference and 2 for a running grid.
  10 # Attribute 'min_bin_probing_points' of the grid.
  1 # Attribute 'grid_mode' of the grid. 1=='default',2=='initialization'
  0.0000000000000000 # Attribute 'small_contrib_threshold' of the grid.
  0.5000000000000000 # Attribute 'damping_power' of the grid.
 # binID   n_entries weight   weight_sqr   abs_weight
    10   10   1.518685548815620E+000   1.220521558686288E+001   1.518685548815620E+000
  </DiscreteSampler_grid>
