  0.00004143330562499  0.00004505496504944  0.00004755921573452  0.00004993417988567
  0.00005230701998110  0.00005473312487250  0.00005724207352660  0.00005975416229156
  0.00006225746105100  0.00006496209450571  0.00006785970319083  0.00007118409188506
  0.00007461061107360  0.00007825560031689  0.00008203468489063  0.00008622032950034
  0.00009021620645709  0.00009464086407347  0.00009963937650359  0.00010498605055320
  0.00011046757531979  0.00011599538672279  0.00012145191067847  0.00012693278082509
  0.00013264553199659  0.00013851138421372  0.00014463582071418  0.00015087406313066
  0.00015721437292221  0.00016433436192747  0.00017262635428541  0.00018399270327049
  0.00019547886606174  0.00020685277169129  0.00021797485264554  0.00022832996360725
  0.00023869449120358  0.00024897351840573  0.00025865406472276  0.00026783480539502
  0.00027893794734584  0.00029102696024388  0.00030341386622170  0.00031565640465920
  0.00032756859468857  0.00033995075479005  0.00035352925766961  0.00036982310653491
  0.00038891192702656  0.00041017236486998  0.00043387239861258  0.00046012579656172
  0.00048773523537651  0.00051474734857309  0.00054360359953061  0.00057495253843950
  0.00060945772290978  0.00064697287633704  0.00068741211632916  0.00073053404343377
  0.00077614318751578  0.00082518208067580  0.00088009873663402  0.00094300634562320
  0.00101360023967171  0.00108919402495571  0.00116784010446008  0.00124946014781901
  0.00132994420250190  0.00142144963360249  0.00152505823908931  0.00164376785461441
  0.00178667502047832  0.00195236850273460  0.00214910442102017  0.00239121561685348
  0.00266896819558192  0.00297437124904345  0.00333192955181413  0.00376472341937432
  0.00428847438173066  0.00489685684671252  0.00560948347068582  0.00645667659043056
  0.00756379756389280  0.00897277788651409  0.01082025972318702  0.01343302329428918
  0.01698608316238533  0.02203445332298623  0.02929387427597324  0.04125870865087587
  0.06136619790004848  0.09878950642389407  0.20513079785934152  1.00000000000000000
  0.00000123324459796  0.00000315401356581  0.00000501345725230  0.00000686467976946
  0.00000871290413727  0.00001065056888363  0.00001295998129818  0.00001547558573161
  0.00001802202531072  0.00002060993820015  0.00002408990456229  0.00002837518531105
  0.00003263543052486  0.00003668976944665  0.00004086558349608  0.00004530997333050
  0.00004996224120690  0.00005489773155443  0.00006010304494349  0.00006550356158107
  0.00007123077962694  0.00007717183506050  0.00008330384155098  0.00008979226086819
  0.00009663036528179  0.00010376839228856  0.00011143394001165  0.00011905310739856
  0.00012952503019765  0.00014053612599324  0.00015330621952733  0.00016604917068187
  0.00017753703515562  0.00018864850325918  0.00020021293755990  0.00021228114121643
  0.00022487691322450  0.00023920050363771  0.00025554519328274  0.00027311237096858
  0.00029148443663497  0.00031078241729619  0.00033174738102145  0.00035291950775737
  0.00037460653734080  0.00039768159923916  0.00042233495094585  0.00044871957091653
  0.00047975154103970  0.00051388456483349  0.00054953951933580  0.00058771646355768
  0.00063114961900063  0.00067571172601101  0.00071588048943049  0.00075811317365456
  0.00080325249586792  0.00084982420460118  0.00089540996333658  0.00096867380959852
  0.00105362715826550  0.00114195696191326  0.00123580946550007  0.00133783668296015
  0.00145722531618268  0.00159027902449327  0.00173773587962156  0.00190500755073767
  0.00209033852927937  0.00229858164006140  0.00252655844660487  0.00277796014887464
  0.00308133726329836  0.00342069131215702  0.00381661269600371  0.00426373010002051
  0.00478748110678868  0.00539219965585233  0.00602970859008110  0.00674167288162722
  0.00760836515125679  0.00870084569553770  0.01005117696259772  0.01171371703175490
  0.01376240160834646  0.01630095256389447  0.01953625515776001  0.02366013279525796
  0.02906303158725791  0.03670710478212419  0.04861530673935145  0.06832230141225618
  0.10673173233313435  0.19663544134375910  0.86326050269368515  1.00000000000000000
 -0.00270998872348762  0.01038103327167342  0.02121537592022524  0.03140722975608091
  0.04149636488072531  0.05013958354592440  0.05942733443090708  0.06923756686635998
  0.07859332214409319  0.08812612046654328  0.09731215451879768  0.10638319994184359
  0.11625688974445615  0.12671885285413467  0.13793882392404480  0.14917278832545730
  0.16018707409946670  0.17114206786933830  0.18244524197148781  0.19447650414904152
  0.20723368279130866  0.21962321000911453  0.23186996157794362  0.24447300019047297
  0.25580393098258652  0.26683112894208960  0.27790527469928727  0.28910768730579317
  0.30022141503991229  0.31098464718289320  0.32133751410282446  0.33147356954203744
  0.34150415222652664  0.35149902607485228  0.36185718350692681  0.37185548960811571
  0.38269767996270110  0.39407335645698216  0.40486480587949469  0.41507793964851442
  0.42496527560428338  0.43505143411866082  0.44594741552887368  0.45800957256620323
  0.47036929619331180  0.48236548626228637  0.49420116651453933  0.50596504205311277
  0.51786075005472332  0.53026499825965201  0.54262190407158928  0.55379347135485546
  0.56461685642994619  0.57539173081178951  0.58561095243069228  0.59483402264064611
  0.60429208896440456  0.61453407404786708  0.62513116509108235  0.63558891164406295
  0.64625269956409681  0.65748676545751117  0.66909567296289063  0.68062462366467524
  0.69173485147953528  0.70209648065864838  0.71261493709936885  0.72373227067375667
  0.73459487000655677  0.74575453399407265  0.75741673898839090  0.76918878324384499
  0.78057312702760506  0.79182611970215744  0.80348363663506628  0.81352745530243475
  0.82082753735198466  0.82784313888477545  0.83503522950756826  0.84209601301879533
  0.84891666868354043  0.85551861513515892  0.86220083762064892  0.86896961291845753
  0.87649972494391193  0.88724988902194812  0.89917646336900559  0.91136306655342936
  0.92350821978687092  0.93442684308575552  0.94392146362521356  0.95351052029800654
  0.96338979697848004  0.97392351843525471  0.98713386361507260  1.00000000000000000
 -0.00051711101184202  0.00411754153525080  0.00458791204099107  0.00487965560034303
  0.00512267765300515  0.00534087568595209  0.00554776394060234  0.00574517371860051
  0.00593535967673370  0.00611868809959512  0.00630260635760378  0.00648911749963362
  0.00668386194599441  0.00688793314156000  0.00713530387303215  0.00738248760931085
  0.00762948315431096  0.00787548137178392  0.00812166015220384  0.00836862614548330
  0.00862217700073473  0.00888183630938599  0.00915565735635213  0.00943679632378297
  0.00972737002901234  0.01003341154548281  0.01034547827949343  0.01067056902324523
  0.01101060645880758  0.01136512126289376  0.01173151161930191  0.01210718912666921
  0.01249110537444585  0.01289942036994832  0.01331649045751357  0.01374790816232569
  0.01419738233432327  0.01465763716965805  0.01513014124841216  0.01561645023654511
  0.01611506222580030  0.01662535572544087  0.01715227841638707  0.01768885252758929
  0.01823839621794975  0.01880212442639225  0.01938202050192132  0.01997543753583540
  0.02060437250702581  0.02130450236555467  0.02204097432696501  0.02282154885069642
  0.02363658859787877  0.02449281710986551  0.02536723563244957  0.02625357696640378
  0.02716302452508556  0.02809791517873795  0.02906863344776624  0.03007750390850674
  0.03111005213326685  0.03218104992362538  0.03329592264380671  0.03447036212198359
  0.03568106739929040  0.03694324860013342  0.03827564288968503  0.03964547856391020
  0.04105620715819049  0.04288395326461544  0.04518732110714659  0.04777195668741593
  0.05048011733719068  0.05334412488741901  0.05635227197369885  0.05952255944750075
  0.06305250136646944  0.06751340397738380  0.07237034371034297  0.07758347882721700
  0.08335061141041734  0.09039579169111382  0.09826069407992535  0.10730297659484322
  0.11788804704623201  0.13010953519569113  0.14462846487177561  0.16149461056155578
  0.18228533730177374  0.20759793595506632  0.24000612280457101  0.28262905667332128
  0.34179566818791612  0.43395104377999261  0.59900444299944045  1.00000000000000000
 -0.00329671342088849  0.01053114680231659  0.02218089392251611  0.03316452882322723
  0.04383371270031655  0.05429859369126595  0.06480816517537309  0.07552393713285833
  0.08633316387221548  0.09680110711767012  0.10652513973200931  0.11509591078153826
  0.12405756161469299  0.13383540539424482  0.14305699775813521  0.15245665923339027
  0.16197527834252048  0.17240475694829527  0.18313399684038023  0.19317516086005693
  0.20296123296741611  0.21321492902329398  0.22424431868000003  0.23700584817165313
  0.24898170182592905  0.25785027866818838  0.26593494643401056  0.27416308158338865
  0.28228331808372192  0.29001444054987668  0.29730868241872932  0.30476763790836098
  0.31287547443697095  0.32409520656004376  0.33540909267967428  0.34713209216075891
  0.35911885344347910  0.37095685318601446  0.38296402998629731  0.39518426171033938
  0.40663984190164448  0.41853314916677553  0.43125958823807714  0.44507637367115016
  0.45907653499693957  0.47409771454148408  0.48672007907927795  0.49912488301895563
  0.51034875959682025  0.52174456954465609  0.53235749223861095  0.54287647213323864
  0.55412821353301678  0.56633818062411234  0.57959307842431085  0.59197780770362529
  0.60348847315387422  0.61409492926786113  0.62473635565969565  0.63545454346834451
  0.64617188743042397  0.65687599525807761  0.66846258047066254  0.68170017294805241
  0.69506791559009651  0.70752547011551925  0.71919400778107712  0.73062347230499447
  0.74253316115079471  0.75443702285947190  0.76579198365869960  0.77615290475212262
  0.78630914446261579  0.79680661313333689  0.80830047394870574  0.81948072470729116
  0.83011122877024002  0.84063169285236627  0.85088556785678437  0.85951287283670652
  0.86706130463870756  0.87476877488341287  0.88243670820023012  0.89032166043539662
  0.89819396238375693  0.90594409578118262  0.91357189942602790  0.92195860423317788
  0.93141782220894365  0.94152774149452090  0.95221860852901552  0.96251114942729066
  0.97183621525365871  0.98139015402152541  0.99081095783944151  1.00000000000000000
   5.0664968788291044E-012  -1.0000000000000000     
 F F F F F F F F F F F F F F F F F F F F F F F F
  <DiscreteSampler_grid>
  grouped_processes
  1 # 1 for a reference and 2 for a running grid.
  10 # Attribute 'min_bin_probing_points' of the grid.
  1 # Attribute 'grid_mode' of the grid. 1=='default',2=='initialization'
  0.0000000000000000 # Attribute 'small_contrib_threshold' of the grid.
  0.5000000000000000 # Attribute 'damping_power' of the grid.
 # binID   n_entries weight   weight_sqr   abs_weight
    10   10   4.612932036924066E+000   2.071339968895680E+002   4.612932036924066E+000
  </DiscreteSampler_grid>
