  0.00276253816808496  0.00292232087572141  0.00305225503817650  0.00317218368763394
  0.00329593855512630  0.00342589279900435  0.00355991516945814  0.00369801296637352
  0.00384190718363230  0.00399345021592602  0.00414906581676138  0.00430924724766401
  0.00447623578832006  0.00465041373039093  0.00482960515176653  0.00501425973069407
  0.00520677177253983  0.00540724338963757  0.00561457422334102  0.00582988492001089
  0.00605505928471831  0.00628964024231533  0.00653281524782881  0.00678656346035699
  0.00705227944581017  0.00732765118498904  0.00761241591600058  0.00791073043140990
  0.00822180657742918  0.00854388714188063  0.00887851447412459  0.00922861233794544
  0.00959442635606418  0.00997454962240432  0.01037081985961290  0.01078672706007384
  0.01122145978721344  0.01167272467096271  0.01214364202447112  0.01263851312323233
  0.01315657233277496  0.01369679191692190  0.01426208191698434  0.01485883064593121
  0.01547752634348555  0.01612032575150189  0.01680234273304050  0.01751904648546704
  0.01826633918469561  0.01904998113442025  0.01987597893274080  0.02074419438844038
  0.02165265439936923  0.02260448435853650  0.02360963786127016  0.02467514950448967
  0.02579008710371052  0.02696145820950433  0.02820692554479590  0.02952588341973997
  0.03091955959809175  0.03238496096888772  0.03395367719522097  0.03562069641995798
  0.03739246487205277  0.03927365026256373  0.04129085439475369  0.04345842990381010
  0.04578077312909590  0.04825853935424038  0.05091322946343439  0.05376860380431013
  0.05688156193197322  0.06027142724851588  0.06394884696443442  0.06796035172036181
  0.07236029724317276  0.07719558786429834  0.08254248035525107  0.08835683631865121
  0.09477237769508866  0.10195543106030287  0.11026217482417412  0.11958768132183545
  0.12991546145949640  0.14166933575206814  0.15583766076481995  0.17276875061298810
  0.19235994268286891  0.21553925683822497  0.24379719676158013  0.27819757749132895
  0.32296257775166010  0.38634857925139593  0.49576455730518104  1.00000000000000000
 -0.00226967425937395  0.00967980801286640  0.01979204084401600  0.03020318406220089
  0.04054077217061255  0.05105340702530486  0.06156350548883073  0.07218294763384182
  0.08272378605104837  0.09332617685879502  0.10397475223396870  0.11438274096498777
  0.12482452531975201  0.13532446918451299  0.14586620636199657  0.15641802309968628
  0.16705801428679320  0.17782959931464579  0.18862465005828175  0.19925227554443237
  0.20979657909751562  0.22030581705508628  0.23082332751373547  0.24142259983728906
  0.25193637408217046  0.26249446387263903  0.27309557871485302  0.28368432925993903
  0.29424976053390495  0.30473505101600962  0.31525041395744208  0.32576088091724165
  0.33626845035817393  0.34685119364574801  0.35746298420069722  0.36814369488815457
  0.37877272207083895  0.38941155280923645  0.40001442359755129  0.41064459159930983
  0.42118427946816489  0.43167185566035254  0.44208797751991741  0.45248838746066694
  0.46282051433764521  0.47312224376212153  0.48347136858487039  0.49394500681522580
  0.50441262843057089  0.51492004177526118  0.52536896993822235  0.53588724372932861
  0.54635808088634952  0.55684729615328288  0.56740780757276621  0.57800904201113612
  0.58871063390049150  0.59939121121244965  0.61000690056726914  0.62055117477543098
  0.63103110795228268  0.64160800827807318  0.65218455363694261  0.66283485505722417
  0.67342084082855302  0.68393445868385028  0.69439558388826683  0.70485050300499874
  0.71532676457863953  0.72574237149194298  0.73613247062901832  0.74652991132858226
  0.75691876489021637  0.76729132398034317  0.77771185038155033  0.78820049141344917
  0.79872705598137228  0.80924518193141926  0.81980489801443823  0.83036723742986107
  0.84090399409698680  0.85137392170606441  0.86191048596974562  0.87241622944088504
  0.88302163504450149  0.89364316387373821  0.90428514761610557  0.91496404002820098
  0.92560816054137984  0.93630484368822620  0.94692039134660289  0.95746206066525630
  0.96803874900850440  0.97863757817588426  0.98933283448632614  1.00000000000000000
  0.12545111975278686  0.13295725829848884  0.14089279338343716  0.14886311273081260
  0.15685805781986040  0.16486835612523690  0.17292408946407914  0.18099151797532168
  0.18907705677606440  0.19718996853704143  0.20532738961111840  0.21352297923030414
  0.22176361292125307  0.23004923579787462  0.23837583458435851  0.24672913856528803
  0.25511219905123045  0.26351233546626224  0.27196095549756627  0.28046149913352414
  0.28899709615083141  0.29756333922790179  0.30616701482008474  0.31481888441740896
  0.32351207749143446  0.33221093175480404  0.34091847490435906  0.34967347592950643
  0.35848852259653852  0.36732955199336847  0.37618319395035604  0.38507168725865881
  0.39400085012455432  0.40295803712989947  0.41192720210374212  0.42090072584662985
  0.42988188480545192  0.43886451795738884  0.44784035310396547  0.45679352873977147
  0.46572452824491850  0.47469191251938059  0.48375300240129143  0.49286895616071169
  0.50195701052127606  0.51099630083923664  0.52003409415446578  0.52912028684331369
  0.53823143830428455  0.54735257802264037  0.55648974507157045  0.56569456959105446
  0.57493920715687086  0.58412121773980163  0.59322945869569410  0.60232851681610633
  0.61152604593228943  0.62082356382652415  0.63016719721959114  0.63952354983155013
  0.64888718061009254  0.65824000376612535  0.66756098684858267  0.67690283085897152
  0.68627385328602719  0.69568167268227954  0.70509909809616678  0.71455578686793619
  0.72403806096669732  0.73355975847612076  0.74308297145208158  0.75261068154047217
  0.76216593352284134  0.77178875849912687  0.78154356054309437  0.79138606417892632
  0.80127481060136418  0.81118255805560135  0.82112111134676136  0.83109877149447975
  0.84104879076656014  0.85096002087234246  0.86088502594643312  0.87088467521395652
  0.88100989561835319  0.89133848050998432  0.90202306106228924  0.91304132448101227
  0.92409260050679842  0.93473675115764077  0.94430579182101571  0.95292453663444032
  0.96154699339815453  0.97105285919094375  0.98333344859673677  1.00000000000000000
   1.7270686440574079E-003  -1.0000000000000000     
 F F F F F F F F F F F F F F F F
  <DiscreteSampler_grid>
  grouped_processes
  1 # 1 for a reference and 2 for a running grid.
  10 # Attribute 'min_bin_probing_points' of the grid.
  1 # Attribute 'grid_mode' of the grid. 1=='default',2=='initialization'
  0.0000000000000000 # Attribute 'small_contrib_threshold' of the grid.
  0.5000000000000000 # Attribute 'damping_power' of the grid.
 # binID   n_entries weight   weight_sqr   abs_weight
    10   10   4.026507181114851E+010   3.477562015692248E+021   4.026507181114851E+010
  </DiscreteSampler_grid>
