  0.00008720902419835  0.00009388431763055  0.00009763271226245  0.00010062265889151
  0.00010366072315582  0.00010677686266265  0.00010986502623080  0.00011303195786022
  0.00011639776641836  0.00012006409051399  0.00012384252629542  0.00012753226555113
  0.00013106941919679  0.00013464691544618  0.00013858941748136  0.00014297444783278
  0.00014726063396378  0.00015132331424708  0.00015539963957106  0.00015961195123340
  0.00016345424876317  0.00016961103444976  0.00017655567418224  0.00018380840329906
  0.00019108723860103  0.00019872173220156  0.00020693312859488  0.00021532360457720
  0.00022372460619874  0.00023259934578586  0.00024149712910328  0.00025090141743003
  0.00026342044941646  0.00027598833627347  0.00028838605516880  0.00030123286926123
  0.00031474011602828  0.00032988749005812  0.00034459558798410  0.00035923449793358
  0.00037437287337956  0.00039046169191918  0.00040741337986529  0.00042471734511177
  0.00044276553154038  0.00046375708688948  0.00048609398939432  0.00050971169415391
  0.00053323670137874  0.00055808959524779  0.00058424235549506  0.00061290483527609
  0.00064354966186334  0.00067702250355308  0.00071375890459451  0.00075203863794761
  0.00079056202985895  0.00083237914009053  0.00088265305739044  0.00093772141567063
  0.00099712361286628  0.00106156040657634  0.00113060023027883  0.00120619459456500
  0.00129032071855408  0.00138173993844877  0.00148092338598833  0.00159057768513337
  0.00171276162260733  0.00185033847808616  0.00200323383656030  0.00216785710311301
  0.00235505087606957  0.00257264850158344  0.00281782827287394  0.00309818220734848
  0.00341382734626945  0.00377435124445571  0.00418596298542996  0.00468370183229973
  0.00527629306788762  0.00597622063338949  0.00684843354305852  0.00797116250270552
  0.00929888951468536  0.01087724201261214  0.01307351225478773  0.01602280596470806
  0.02000047287355193  0.02571105590466160  0.03383965743880596  0.04730337815338794
  0.06938619474658472  0.10948958933229129  0.22030505414094095  1.00000000000000000
  0.00000473625653134  0.00000727379973605  0.00000909290845552  0.00001085646340510
  0.00001270037844048  0.00001472318540297  0.00001673975975229  0.00001870948958938
  0.00002068023933950  0.00002266846718753  0.00002469922590380  0.00002682632942857
  0.00002907865383178  0.00003155024114545  0.00003432341657332  0.00003770690473791
  0.00004130921438548  0.00004500516147514  0.00004874513176441  0.00005246092990159
  0.00005625608807523  0.00006032234762534  0.00006460552551871  0.00007066718066694
  0.00007849726491438  0.00008649578488097  0.00009444119859259  0.00010256917199470
  0.00011123972397835  0.00012063789907854  0.00013246204704533  0.00014481588652618
  0.00015728755937197  0.00016981674944260  0.00018260325759139  0.00019548534571542
  0.00020910823955539  0.00022495893180041  0.00024099483988040  0.00025801710818187
  0.00027655143961410  0.00029628834141399  0.00031759171571953  0.00033988592144873
  0.00036190183126239  0.00038470274082931  0.00040857328961631  0.00043388526233883
  0.00046376929939154  0.00049898187574759  0.00053544342986265  0.00057365661056339
  0.00061568489291158  0.00065942934030941  0.00071387165724089  0.00077645463196874
  0.00083811726052210  0.00090477574994568  0.00097780978560220  0.00105908661753519
  0.00114713245458783  0.00124148567590010  0.00134397251519458  0.00145377191290016
  0.00157460894239550  0.00170766265842778  0.00186013427704877  0.00203183659163256
  0.00221089664698962  0.00240665381577934  0.00262159891881621  0.00287543548536791
  0.00317852083874315  0.00352370036381289  0.00390036947786994  0.00430752725414155
  0.00476643011287361  0.00529426619871776  0.00592662870809567  0.00667297363222541
  0.00751196922752279  0.00841561742299349  0.00942797383606333  0.01067566114922596
  0.01224457321396900  0.01420739610836937  0.01660530134525777  0.01971045731271788
  0.02386656037602761  0.02953534487760374  0.03808151202667058  0.05027079759301464
  0.07016540997221998  0.10827128675046288  0.20610269530649283  1.00000000000000000
 -0.00221018331689047  0.00921575159990642  0.01864867905711630  0.02870308586129013
  0.03893440739473820  0.04949445893117690  0.06048117178282587  0.07139766745879839
  0.08291789413675667  0.09350532870496074  0.10454191554936661  0.11586493746086994
  0.12755489638419293  0.14003608825883868  0.14923353261469638  0.15631319128420623
  0.16397240176611705  0.17118205506241346  0.17805968434414635  0.18494274918402728
  0.19167063828819639  0.19834500612699857  0.20555665299339404  0.21398465044288864
  0.22350882480356021  0.23283370692771230  0.24229431014841049  0.25191690983775628
  0.26165789427378655  0.27210671201186115  0.28366570667413332  0.29530200095476405
  0.30635184804749160  0.31686730848655553  0.32690481279360112  0.33707081957696133
  0.34729406006879859  0.35718784711671098  0.36623909192533066  0.37531148189969044
  0.38504805329176306  0.39561219351662352  0.40646324524704291  0.41759268013266143
  0.42930067962454443  0.44131633773402368  0.45375445968672445  0.46619145607369555
  0.47824643786120852  0.49025505190704882  0.50220401489984601  0.51435838834760528
  0.52598443862215027  0.53718152505877392  0.54768678989684805  0.55901838815615301
  0.56989454558881436  0.58140729800779578  0.59341255595409204  0.60523057097576094
  0.61696459740272247  0.62886079144691820  0.64064478325912466  0.65185494304899327
  0.66258728208514428  0.67312502394304641  0.68346593127201849  0.69361735152842552
  0.70378400922978335  0.71435634846695562  0.72540570550409678  0.73669535209869019
  0.74827928869643823  0.76010830291578424  0.77169190065641025  0.78280941344136412
  0.79381788444871260  0.80499984277544812  0.81604476807552917  0.82610533574541456
  0.83684127359761995  0.84780805992436747  0.85808652202733104  0.86753977000422067
  0.87740134026561423  0.88806721816016732  0.89902960405139221  0.90962471813054180
  0.92030874965793508  0.93170494057243292  0.94357953187721522  0.95558131483497366
  0.96740542843574884  0.97863283714500970  0.98960371463648256  1.00000000000000000
 -0.00049207957338779  0.00399934322207147  0.00473556295117575  0.00512436933658698
  0.00542229392297832  0.00568482943149422  0.00592720546919005  0.00617047925708045
  0.00641439558050869  0.00666147589148143  0.00690860952130438  0.00715538031862860
  0.00739977016317506  0.00764300113343576  0.00788469304983596  0.00814325260170679
  0.00841835038149820  0.00869992922744262  0.00898811460030902  0.00928520888272222
  0.00958497256587239  0.00989049803139689  0.01020307391055566  0.01053020050826310
  0.01086182813568129  0.01119801868356078  0.01154031963286095  0.01189194177302844
  0.01226129845008958  0.01265046440047983  0.01304418590778761  0.01344820043354320
  0.01385526623533683  0.01426937270362162  0.01469877617962719  0.01514481522607106
  0.01560525333135071  0.01608128015046889  0.01657116212031621  0.01707443978176621
  0.01760563806860470  0.01814907817127145  0.01870688924464946  0.01928557997457006
  0.01987916131021296  0.02048018253662391  0.02111260369499802  0.02183674977064800
  0.02257855566618946  0.02332405821536907  0.02409934508702948  0.02490247333727180
  0.02572820843091941  0.02659128396992382  0.02749424582127787  0.02842654091208692
  0.02938732742746909  0.03037558229791570  0.03139357211245247  0.03244057861312773
  0.03351764846526731  0.03463411745686117  0.03578975820471564  0.03697279346126762
  0.03818429519697977  0.03942834441768012  0.04066695018274270  0.04228849361338702
  0.04435529795478683  0.04660302064934896  0.04897128416159306  0.05147819782285396
  0.05413853112366463  0.05694799134999069  0.05987459635951975  0.06308470593532171
  0.06745532636940832  0.07209924806639974  0.07704120256468303  0.08236389979638600
  0.08878518770091298  0.09588231132598170  0.10369303155645711  0.11293514199192209
  0.12342993272457062  0.13617429809002621  0.15078433992257143  0.16794875136719989
  0.18886411261807945  0.21396850887711405  0.24567521642877571  0.28790692561388681
  0.34623774113671807  0.43637449360756536  0.59920229790058033  1.00000000000000000
 -0.00254543287009907  0.00871275680416555  0.01896067445564478  0.02854699566478877
  0.03786730200709438  0.04714980582257421  0.05652570360323904  0.06587057742883987
  0.07545285324588044  0.08492473596491229  0.09438381985775886  0.10377506000939143
  0.11303725461258068  0.12238632721909028  0.13224481494073606  0.14251036795272129
  0.15272354707806973  0.16279763934932878  0.17272270141931939  0.18256185348108475
  0.19232826116636240  0.20237934351157302  0.21333685590896717  0.22511528659287519
  0.23640360566440244  0.24722671214833511  0.25809218425371577  0.26885790493535533
  0.27960733973855018  0.29033935382791026  0.30123026449149176  0.31265895834290774
  0.32481114421159651  0.33662268978266169  0.34776654699030141  0.35931891312314118
  0.37166736955722307  0.38455098220831413  0.39817382779504290  0.41155125718641600
  0.42128122184874678  0.42888477009191861  0.43713256000012818  0.44504241460840910
  0.45306350322946581  0.46127695827778986  0.46938683168187889  0.47788293958155637
  0.48976395694581815  0.50388449969590665  0.51711176164882844  0.53011863030576223
  0.54325986844926488  0.55637815804579605  0.56966604829990242  0.58297482275519508
  0.59618029909697423  0.60929486703950597  0.62182726594503024  0.63394290761906658
  0.64565439550197079  0.65687219079191039  0.66801742774660311  0.67925778063613529
  0.69040252926228096  0.70114645839396850  0.71191079738369356  0.72324500248222334
  0.73495033629969131  0.74641770864814183  0.75779067686598212  0.76904611288730107
  0.78009005413167265  0.79109816561300339  0.80205103876483852  0.81300201156893370
  0.82390224527488432  0.83421095813878887  0.84301405483574487  0.85179807056395651
  0.86036818908267676  0.86879556572014793  0.87709076501671779  0.88515886419206069
  0.89302494694954160  0.90126275916980014  0.90993202265646445  0.91891762850742709
  0.92827211019248701  0.93813916147493681  0.94889522527305115  0.95990143356372215
  0.97034806658835049  0.98075234640247855  0.99033505165862012  1.00000000000000000
   4.7296573617374041E-012  -1.0000000000000000     
 F F F F F F F F F F F F F F F F F F F F F F F F
  <DiscreteSampler_grid>
  grouped_processes
  1 # 1 for a reference and 2 for a running grid.
  10 # Attribute 'min_bin_probing_points' of the grid.
  1 # Attribute 'grid_mode' of the grid. 1=='default',2=='initialization'
  0.0000000000000000 # Attribute 'small_contrib_threshold' of the grid.
  0.5000000000000000 # Attribute 'damping_power' of the grid.
 # binID   n_entries weight   weight_sqr   abs_weight
    10   10   4.083354487154395E+000   1.084245211291161E+002   4.083354487154395E+000
  </DiscreteSampler_grid>
