  0.00003652139166967  0.00004035130949921  0.00004305166126509  0.00004556808727421
  0.00004808336817896  0.00005089221194046  0.00005360958632526  0.00005627167626880
  0.00005899112032444  0.00006188129460914  0.00006500027454018  0.00006848964100220
  0.00007242926815731  0.00007646361430972  0.00008063718861939  0.00008489145799229
  0.00008939067624134  0.00009446551951023  0.00010001411498886  0.00010712443216027
  0.00011421501113225  0.00012113738650923  0.00012823604511350  0.00013566057801998
  0.00014312037843424  0.00015052562005141  0.00015706435163605  0.00016360986430276
  0.00017001726826036  0.00017657672698785  0.00018392536823540  0.00019301268168537
  0.00020277169971679  0.00021144782157166  0.00021925496766900  0.00022755800607021
  0.00023670422622725  0.00024650922837825  0.00025660175880813  0.00026698860988594
  0.00027801169661659  0.00028991213199157  0.00030239502345625  0.00031524517254224
  0.00032861401511099  0.00034330947594687  0.00036033594900060  0.00037831980948093
  0.00039927780049572  0.00042176575105841  0.00044565548321876  0.00047250913274315
  0.00050170236009027  0.00053227761652370  0.00056361249627737  0.00059584737657462
  0.00062996334326331  0.00066568761627386  0.00070261923965918  0.00074255100897258
  0.00078661120097726  0.00083588874933320  0.00088832476042041  0.00094569761777340
  0.00101180841001333  0.00108688370766975  0.00116837126318929  0.00125633878817658
  0.00135271926238389  0.00146129255735734  0.00159233153353430  0.00174231119879520
  0.00189050796864189  0.00203795253552695  0.00219400254741760  0.00236644872365649
  0.00257645485627026  0.00285997901694610  0.00317716836287387  0.00355877550442095
  0.00403325702736118  0.00461827489219622  0.00529630631539492  0.00609464971453901
  0.00711760277548715  0.00845873773009115  0.01018167914080365  0.01258214470778844
  0.01580186552743058  0.02020642461535191  0.02695308129677506  0.03829552235451404
  0.05711598506395407  0.09367875066209733  0.19649301226255325  1.00000000000000000
  0.00000155267578420  0.00000487942825230  0.00000734358080403  0.00000946431199212
  0.00001169318744392  0.00001398878502608  0.00001638148872295  0.00001887358154654
  0.00002132309531034  0.00002389633673548  0.00002656841200705  0.00002950059627436
  0.00003282700648266  0.00003657358621300  0.00004093586020267  0.00004543422527801
  0.00005013817210689  0.00005510221316034  0.00006034377162161  0.00006568139726781
  0.00007100126521509  0.00007642326081243  0.00008203061451545  0.00008788261580206
  0.00009478348277719  0.00010446085937275  0.00011509281399878  0.00012610385334715
  0.00013760458436755  0.00014817702344704  0.00015687799724390  0.00016658711162613
  0.00017618328622477  0.00018590405723614  0.00019536122028681  0.00020656654621630
  0.00022096559515810  0.00023694479145420  0.00025434942468938  0.00027350438467991
  0.00029412744636800  0.00031576439763035  0.00033870648541279  0.00036327614538355
  0.00038995524053344  0.00041910662766459  0.00045027198991547  0.00048169167634415
  0.00051458911849803  0.00054921621424896  0.00058559365342944  0.00062480139904132
  0.00066781902491764  0.00071333973873498  0.00076494739262167  0.00082340567993652
  0.00089038504858717  0.00096575507751466  0.00104348678191225  0.00112405419055357
  0.00121583770142569  0.00131000617648344  0.00141614871095364  0.00153359290447867
  0.00165438747607288  0.00179129149151910  0.00193664658262051  0.00210013461716004
  0.00228221795481389  0.00248266647356672  0.00272181369550952  0.00298160851917740
  0.00327776389031303  0.00361533955205701  0.00400634227119322  0.00445490801063962
  0.00498642876844778  0.00560640937114302  0.00629138098963647  0.00706760280121016
  0.00806533634662784  0.00924389237349937  0.01062258838301914  0.01226688808624728
  0.01438748436437771  0.01698434106529838  0.02028508817323656  0.02446335922792888
  0.03000569251942747  0.03838868809153255  0.05060372505313951  0.07040717568868883
  0.11007344256947996  0.19588399080300536  0.89191602980510420  1.00000000000000000
 -0.00220870169548053  0.00891245472247458  0.01788294287416296  0.02816351073189439
  0.03785287012414085  0.04811900828999242  0.05819925469383682  0.06907117720559942
  0.07994654350021758  0.09031575413326112  0.10024890051579945  0.11007393803527477
  0.12002030940069633  0.12898276254802188  0.13666327542901430  0.14442094885353091
  0.15243460333237327  0.16086446491924516  0.16955846207888431  0.17794831053742088
  0.18680491545004685  0.19788808322932386  0.21000149284236516  0.22174485316422418
  0.23367162288285881  0.24573657842917282  0.25699530608646143  0.26759497046427427
  0.27821683861890417  0.28911189472919857  0.30041581113248722  0.31207864699100651
  0.32440979335442210  0.33695315982016588  0.34900377683060857  0.36052454789216587
  0.37103200347690696  0.38201928752833836  0.39284333341636557  0.40353893421448789
  0.41406431907205360  0.42453401774962779  0.43513913986511149  0.44554462993396932
  0.45631303776057841  0.46769549307998165  0.47973135566765190  0.49243182653704282
  0.50513242831529415  0.51722663781480693  0.52870338977709352  0.54075968922444373
  0.55207538995456451  0.56391492298837287  0.57450496153014763  0.58433853557829285
  0.59372011029749205  0.60321770540645392  0.61322259756710285  0.62316792951188027
  0.63372615947074218  0.64488438805281689  0.65452379482296918  0.66435562919274183
  0.67443683880832661  0.68467448766655026  0.69358849780190690  0.70179613522556594
  0.71029216940821194  0.71918812157208556  0.72827566493910778  0.73746731937777632
  0.74677161731106090  0.75718113426455114  0.76866511491317469  0.78029597048922927
  0.79158380548190177  0.80245385688665416  0.81321761051054708  0.82442214067255959
  0.83598856817141820  0.84753898372015157  0.85895969572551045  0.87005304655577842
  0.88065809860923505  0.89095126058334817  0.90049040191472596  0.90933716248457164
  0.91952037281888099  0.93027247744472996  0.94116229530228068  0.95156095261811680
  0.96205270006039001  0.97399294341747644  0.98658408123714481  1.00000000000000000
 -0.00041560867018458  0.00396048612840434  0.00443384269966638  0.00475225728377284
  0.00503718953612748  0.00528351283583669  0.00551292721117049  0.00573216808571469
  0.00595339568252138  0.00617522918845465  0.00640520485656964  0.00663594478018543
  0.00686760019885492  0.00710300117381172  0.00734505288996769  0.00758769910372061
  0.00783120911725277  0.00808331208530565  0.00834287640730768  0.00860989900746536
  0.00888374704882497  0.00916336485850785  0.00944934517987487  0.00975469460952699
  0.01006337122629832  0.01037908569501905  0.01071790511409306  0.01105806607711506
  0.01140546982242371  0.01176355190630707  0.01212989281381462  0.01250688924667936
  0.01289284720845826  0.01328814054489239  0.01369736735753581  0.01411805305377268
  0.01455184209749616  0.01499866702744668  0.01546080196125843  0.01594111793537388
  0.01643513060923918  0.01696501106985088  0.01751087786902542  0.01808388519030109
  0.01867746592390706  0.01928300775091045  0.01990010577171087  0.02053660114108141
  0.02123958098732391  0.02199185612594656  0.02277204812067411  0.02357566119623478
  0.02440151478815659  0.02525921635171405  0.02614774195281342  0.02706243957821230
  0.02800079958857998  0.02897977370661000  0.02999987762867320  0.03106150122995115
  0.03217634834639366  0.03333291193519843  0.03452665099970124  0.03574820317504741
  0.03700752965900295  0.03831855490401261  0.03968284738758315  0.04112420256256007
  0.04296681365393679  0.04515574960025161  0.04749127031972910  0.04994535745058071
  0.05257320374684245  0.05537003615478411  0.05833987721640322  0.06145308953722810
  0.06534622044464132  0.06980645007219852  0.07459879754955751  0.07974346058663492
  0.08566202688943712  0.09287694681795744  0.10071379015164494  0.10979453684630733
  0.12036099530032518  0.13250794823595952  0.14655963471582234  0.16370860732187145
  0.18482675816591582  0.21050830734491741  0.24289376292174641  0.28478276725849166
  0.34247145072647517  0.43418323211406029  0.59913797756303577  1.00000000000000000
 -0.00194763917358157  0.00770563291401521  0.01553410490570415  0.02401668706108534
  0.03274790867021356  0.04147811717174912  0.04999149325640504  0.05812906264659543
  0.06693426246633565  0.07746190474735649  0.08760768711710853  0.09659502563363596
  0.10586133655900300  0.11505329354569523  0.12415886590539209  0.13307916173052847
  0.14199055742205646  0.15198374522959815  0.16455432944525183  0.17286298253634944
  0.18118292724168977  0.18980043935506935  0.19845374490999029  0.20708723334807999
  0.21565117695319835  0.22387121794592554  0.23251213589557271  0.24333387654572958
  0.25426689009871112  0.26569366692671803  0.27804851354825422  0.29069284848982235
  0.30276797017509771  0.31478074477216694  0.32708515637217028  0.33885740241882162
  0.35033640250535825  0.36261913903089904  0.37550852527174966  0.38877534367489286
  0.40111295914158229  0.41305653449690771  0.42597703582257723  0.43844780433815289
  0.44836799253247572  0.45742707127246740  0.46652811730913363  0.47610175355827855
  0.48570840335423759  0.49421851173846371  0.50425371479640280  0.51664112018804254
  0.52870531514489560  0.54066836837457743  0.55378025731154357  0.56668799904920286
  0.57894605346710437  0.59185161614792670  0.60486183911220215  0.61717474855153898
  0.62903952762640480  0.64109425896223904  0.65319151045170099  0.66481049278871596
  0.67662422153723234  0.68839520021076761  0.69986613375980200  0.71092224502543744
  0.72157724448276761  0.73234200690983742  0.74307118838537611  0.75366957688949909
  0.76353885443329350  0.77385432589928937  0.78486958677149721  0.79595575046319089
  0.80680678624026969  0.81706440520215895  0.82665129939383986  0.83631494401275985
  0.84625566114108308  0.85608600774163901  0.86546098064063970  0.87494120634471551
  0.88493414724423369  0.89488975633372192  0.90442482091111276  0.91384814171660600
  0.92422247048170481  0.93554105717091263  0.94665411712508885  0.95708417535404600
  0.96735078723491186  0.97746915107337351  0.98791836930068055  1.00000000000000000
   5.1312045310079364E-012  -1.0000000000000000     
 F F F F F F F F F F F F F F F F F F F F F F F F
  <DiscreteSampler_grid>
  grouped_processes
  1 # 1 for a reference and 2 for a running grid.
  10 # Attribute 'min_bin_probing_points' of the grid.
  1 # Attribute 'grid_mode' of the grid. 1=='default',2=='initialization'
  0.0000000000000000 # Attribute 'small_contrib_threshold' of the grid.
  0.5000000000000000 # Attribute 'damping_power' of the grid.
 # binID   n_entries weight   weight_sqr   abs_weight
    10   10   1.822446888501262E+002   3.284085017536593E+005   1.822446888501262E+002
  </DiscreteSampler_grid>
