  0.00000614491719878  0.00000758359391230  0.00000854441896202  0.00000944121421128
  0.00001033109374538  0.00001121590789002  0.00001218777351037  0.00001326426783015
  0.00001440483327668  0.00001555993188573  0.00001678595720738  0.00001818036536562
  0.00001974438983089  0.00002142227997817  0.00002314485148536  0.00002491419492702
  0.00002673252602777  0.00002860301612909  0.00003054544420892  0.00003259693388986
  0.00003493839113112  0.00003749654229059  0.00004012220946810  0.00004285339760848
  0.00004571418081284  0.00004876152509104  0.00005190043010786  0.00005507875555460
  0.00005831302815611  0.00006160038183565  0.00006549622755470  0.00007068299769739
  0.00007748864974217  0.00008568287563178  0.00009356734776551  0.00010171192560855
  0.00011037234116349  0.00011991145180116  0.00012988869680132  0.00013977494059823
  0.00014896099092636  0.00015766504040669  0.00016665344945870  0.00017564198644970
  0.00018515216595290  0.00019509822198115  0.00020683538439352  0.00021952213363109
  0.00023191477241300  0.00024454409202745  0.00025781135750456  0.00027199093477124
  0.00028664029035553  0.00030210926236400  0.00031910032221947  0.00033850970253196
  0.00036045700447241  0.00038595330303220  0.00041342578118160  0.00044193919879181
  0.00047219739890833  0.00050449547816954  0.00053801200606969  0.00057620932477821
  0.00061825691314993  0.00066307869787824  0.00071521677956161  0.00077844611615905
  0.00084650140005549  0.00091601839710788  0.00099818615045164  0.00108352187904481
  0.00118729846563649  0.00130503020678319  0.00144396558148854  0.00160396349286141
  0.00178220771497212  0.00198755985106195  0.00223555789346826  0.00253634732149418
  0.00288901353505002  0.00330771066207425  0.00382919932550456  0.00446902747033458
  0.00527227494691809  0.00636680245362677  0.00782147066858902  0.00977308381446512
  0.01254171235170489  0.01665533881660425  0.02307752207212897  0.03448985207856997
  0.05783635875563232  0.13655014200100651  0.90727828591243498  1.00000000000000000
  0.00000202807310680  0.00000454377439865  0.00000655593634129  0.00000849967054439
  0.00001043609654809  0.00001246881042077  0.00001474894133119  0.00001708417938003
  0.00001954270867940  0.00002209658270841  0.00002511117190431  0.00002861093802270
  0.00003239955413743  0.00003626595808003  0.00004047504378868  0.00004493858326918
  0.00004976891770960  0.00005483261332400  0.00006029647964116  0.00006639767997342
  0.00007312301322165  0.00008007695900200  0.00008754610257263  0.00009510424147003
  0.00010252976896540  0.00010983542998921  0.00011789578282159  0.00012640772851372
  0.00013520404867363  0.00014419971053991  0.00015333884546079  0.00016335593274852
  0.00017447662603484  0.00018668744619904  0.00019866415590390  0.00020887096052887
  0.00021800559349017  0.00022771743783954  0.00023814162900515  0.00024882124761996
  0.00025993134625008  0.00027006348594358  0.00028504488660484  0.00030312363213682
  0.00032225506537269  0.00034293418815789  0.00036505430210169  0.00038860958960467
  0.00041447284123477  0.00044388576645965  0.00047808598741528  0.00051589196683298
  0.00055642789488601  0.00059943015163535  0.00064471114634520  0.00069372854342941
  0.00075005296260868  0.00081172736239977  0.00087657653965868  0.00094628273759073
  0.00102146940009381  0.00110387512174618  0.00119801227531845  0.00130304945210971
  0.00142410403460183  0.00155762658420442  0.00169955324378279  0.00185727306939170
  0.00201513557890074  0.00219328272361716  0.00238793459030189  0.00261296492384199
  0.00287890956819980  0.00316844720889362  0.00349330537227920  0.00386080559956690
  0.00429078531338253  0.00480978188068364  0.00543622164851223  0.00613862373876278
  0.00692948745063052  0.00784626624758171  0.00894967149682338  0.01028329602825908
  0.01187347522886485  0.01385334589622224  0.01649284533397050  0.01997560834178388
  0.02467000356770803  0.03117072780205507  0.04126300954248299  0.05782462649358505
  0.09269984816870760  0.21482430898857857  0.82814624030055228  1.00000000000000000
 -0.00256161010821611  0.01016533936082416  0.02074463343898089  0.03086166478437738
  0.04071663243199174  0.05095787695739289  0.06178142059680967  0.07196690580822428
  0.08209123151880812  0.09294317921354056  0.10417769786942203  0.11521790067831392
  0.12614420415723107  0.13704930074508481  0.14794637787351098  0.15891025778871193
  0.16978214681096712  0.18034411549801299  0.19077848111517848  0.20114542462800547
  0.21159654595639299  0.22226415293871737  0.23300832664317928  0.24339458510176232
  0.25330838366398406  0.26311246941236549  0.27337470980585754  0.28415173899059171
  0.29511161255028129  0.30622421047786313  0.31749530917477492  0.32910190112192317
  0.34079584150294301  0.35259251864726415  0.36410165196880695  0.37542810225398382
  0.38708232803326498  0.39844512144637351  0.40934186704540304  0.42016966509074638
  0.43126721828461506  0.44258815574723542  0.45418264659589497  0.46609401253528226
  0.47814651120957141  0.48998370815818082  0.50127300689276932  0.51232192791717945
  0.52337449573389694  0.53461238839146630  0.54607737061507511  0.55799746498644665
  0.56908973973843657  0.58036697961816464  0.59142907182014226  0.60267241159066953
  0.61383963176504930  0.62505323805864554  0.63581699933844205  0.64650310105916786
  0.65700712940727302  0.66742966079635424  0.67760132067214063  0.68769768383149477
  0.69826072220523805  0.70930875505118796  0.72028597272538319  0.73049117889293358
  0.74003587633368606  0.74992740458518570  0.76057025536771850  0.77147714372320753
  0.78224225895645627  0.79179068236531791  0.79900520325380164  0.80630235315332777
  0.81398377694410318  0.82123704962295774  0.82853282566921338  0.83630262866393501
  0.84404473492383147  0.85084023734369962  0.85956101866566181  0.87136203975771465
  0.88199616010100623  0.89263489070237634  0.90321796984130853  0.91387640913293822
  0.92443911871692286  0.93495222031853797  0.94562017513118768  0.95655633287709563
  0.96777192699293013  0.97889524638848535  0.98963941620164397  1.00000000000000000
 -0.00070122717806159  0.00438527793506379  0.00481412859884615  0.00507599603820045
  0.00525998200109359  0.00542371548055153  0.00558552515325706  0.00574073727049023
  0.00589150092922549  0.00603913140138890  0.00618559599127194  0.00633430176552259
  0.00648730949011650  0.00664491113414964  0.00679808413832032  0.00695072676415030
  0.00710657465392097  0.00726671872009133  0.00743027662915273  0.00759550628411797
  0.00776376475757657  0.00794005393725865  0.00811949816492539  0.00830432836839012
  0.00849396748958545  0.00868797359556481  0.00888615143435386  0.00908945688875627
  0.00929644827556616  0.00951130185573954  0.00973411564187239  0.00996467603299486
  0.01020308718426665  0.01044831784241499  0.01070394937996118  0.01097677659826841
  0.01125211258767237  0.01154147557977884  0.01184593673987119  0.01215944359415851
  0.01248257431415767  0.01282376137050182  0.01317459707271585  0.01353419264769511
  0.01390152721373349  0.01427327052702057  0.01467008455006990  0.01507820856059074
  0.01551061509960958  0.01596390287053481  0.01643574320676250  0.01693351801027347
  0.01744498210634544  0.01796933934390267  0.01851255114698547  0.01907572416662330
  0.01965736160975088  0.02028417047725942  0.02097555022553987  0.02172949332657592
  0.02252842209981906  0.02335237385674424  0.02420687045933686  0.02510297494779450
  0.02603723105469638  0.02702881793491740  0.02808256042226433  0.02920624475995730
  0.03039487901691705  0.03164657849079503  0.03295812742277335  0.03432956658171411
  0.03575879226783903  0.03725708712207716  0.03883907161408436  0.04050459228787795
  0.04253610876025314  0.04526615229877133  0.04823677348259114  0.05143469679750413
  0.05495093383041042  0.05890713662145399  0.06342426121003202  0.06893574928965006
  0.07523621551595262  0.08228924300420028  0.09144450149372213  0.10242285517039637
  0.11604770840609531  0.13377322409556905  0.15686284326366859  0.19014864221220729
  0.24014644192612611  0.33402440357303625  0.62241677070953116  1.00000000000000000
 -0.00267482904495578  0.00903557749466329  0.01965194675425076  0.03036114902411214
  0.04069831574361594  0.05022378733100958  0.05927944375305791  0.06835750133904774
  0.07751678846779701  0.08651991072443471  0.09522994318837116  0.10397092063686722
  0.11314512504334406  0.12291448784051219  0.13315048276937883  0.14327940982428108
  0.15292333414496162  0.16245854333309595  0.17242636427536656  0.18294684395332883
  0.19364041372005628  0.20444558627552203  0.21525791325307911  0.22617332411567939
  0.23702371755025470  0.24769785459344962  0.25869841683392564  0.26985980521600939
  0.28158668585605107  0.29406756405574830  0.30704704701662017  0.31641381792575884
  0.32381554813371627  0.33168817896212682  0.33963177690522844  0.34734787375520582
  0.35515230175764551  0.36270051359307925  0.36969899577272558  0.37779356810213610
  0.38875247043642192  0.40051130099284404  0.41200976014459739  0.42362589487342356
  0.43537004776638005  0.44707014695313269  0.45914743545608228  0.47169142386874591
  0.48442650995502556  0.49728465394412541  0.51020689152866705  0.52301362758966552
  0.53585132540219538  0.54841837367575841  0.56091125803933739  0.57354517663683446
  0.58606440644690627  0.59817566826325896  0.61047525267124325  0.62312716742017471
  0.63530427893305808  0.64696766312401033  0.65850642343073562  0.67008650162975114
  0.68184600098342962  0.69323422372030818  0.70392420351613971  0.71429724067402189
  0.72456359421330341  0.73538675264641817  0.74613614155649710  0.75700720795035892
  0.76810553098362933  0.77880497088417266  0.78985644009953637  0.80108698611690077
  0.81185325586471357  0.82214926913316810  0.83228004441283054  0.84289758954211058
  0.85356107931890646  0.86393050352065326  0.87410086265422637  0.88402320178458893
  0.89399261100785055  0.90401079871945855  0.91382810717045038  0.92327712847117294
  0.93229616337695387  0.94124236411723183  0.95022238090690614  0.95919172862656532
  0.96837675224852215  0.97802581849186954  0.98815694020593003  1.00000000000000000
   2.7207638537570681E-012  -1.0000000000000000     
 F F F F F F F F F F F F F F F F F F F F F F F F
  <DiscreteSampler_grid>
  grouped_processes
  1 # 1 for a reference and 2 for a running grid.
  10 # Attribute 'min_bin_probing_points' of the grid.
  1 # Attribute 'grid_mode' of the grid. 1=='default',2=='initialization'
  0.0000000000000000 # Attribute 'small_contrib_threshold' of the grid.
  0.5000000000000000 # Attribute 'damping_power' of the grid.
 # binID   n_entries weight   weight_sqr   abs_weight
    10   10   5.156461513465638E+000   1.359216656428358E+002   5.156461513465638E+000
  </DiscreteSampler_grid>
