  0.00002550216948227  0.00002981598737514  0.00003283443308570  0.00003539845348679
  0.00003811527575782  0.00004056240103570  0.00004279310994090  0.00004534809092473
  0.00004865391714250  0.00005228807369444  0.00005609294594345  0.00005967050129958
  0.00006323395697468  0.00006680618329649  0.00007041033709259  0.00007410109453047
  0.00007788393716645  0.00008215579377471  0.00008630938454338  0.00009062492362714
  0.00009566190295810  0.00010134162462130  0.00010748756860753  0.00011404413331969
  0.00012107246015325  0.00012876986147592  0.00013646534633122  0.00014453219241866
  0.00015288473058782  0.00016113303500537  0.00016903992287222  0.00017635080090402
  0.00018429482000449  0.00019442128341060  0.00020466324285737  0.00021479926105455
  0.00022600940255722  0.00023863058513816  0.00025202138184177  0.00026572776127968
  0.00027888872949851  0.00029119979910073  0.00030365009533882  0.00031612525029974
  0.00032819921549029  0.00034020193484364  0.00035236596078516  0.00036535043748507
  0.00038035932328614  0.00039772046228075  0.00041749685293497  0.00044009974603911
  0.00046461685330633  0.00049025697047060  0.00051712792216839  0.00054710388360660
  0.00057980447718552  0.00061660459593844  0.00065738683933909  0.00070164550678259
  0.00074904968134574  0.00079995463101559  0.00085347305434631  0.00090893964663393
  0.00097134251784713  0.00104443904040732  0.00113113950457148  0.00122683369402486
  0.00132871674734014  0.00143707358795860  0.00155657303882533  0.00169777010819420
  0.00185365383472717  0.00200879354923469  0.00217537626482468  0.00235348826516996
  0.00256396160834703  0.00284021964094189  0.00318737336207283  0.00358376367516827
  0.00402761674248710  0.00455469313856704  0.00524534306437662  0.00610951909743242
  0.00717006156921382  0.00851286897917873  0.01027219566255604  0.01262389250871017
  0.01591385772259982  0.02049729637471415  0.02714476716815313  0.03822349494158857
  0.05706006484704869  0.09265398664898694  0.18642340838314955  1.00000000000000000
  0.00000092560421461  0.00000427351097486  0.00000670524975008  0.00000899399946921
  0.00001139182264171  0.00001387793618126  0.00001644190606211  0.00001908816926878
  0.00002202003565285  0.00002506556390965  0.00002835457809419  0.00003208834670598
  0.00003601012274608  0.00004049498753392  0.00004519784847324  0.00005006866701608
  0.00005521293659799  0.00006043450849111  0.00006638552434130  0.00007393896000710
  0.00008239438670407  0.00009086490175915  0.00009962325518534  0.00010881486980597
  0.00011810047542907  0.00012753400214192  0.00013714606402526  0.00014729454029769
  0.00015843359720597  0.00016995057709580  0.00018219296041103  0.00019602689060631
  0.00021123425400801  0.00022675440928447  0.00024254689230912  0.00025830924941283
  0.00027483430108529  0.00029218284567078  0.00031012977832849  0.00033002478489087
  0.00035213555125920  0.00037600896340311  0.00040078670162920  0.00042705360428291
  0.00045584183827201  0.00048598392540646  0.00051707224342972  0.00054875787324355
  0.00058191322756487  0.00061731291465114  0.00065588951823366  0.00069565087525578
  0.00073731713492322  0.00078348328723182  0.00083343955059498  0.00088365646226406
  0.00093783378193674  0.00099664372562464  0.00106038144931292  0.00113079154784730
  0.00121677957812112  0.00131259148679082  0.00141668219431437  0.00152475672577765
  0.00164412385950901  0.00176197970349511  0.00189062738822093  0.00203842185133327
  0.00220616085409974  0.00240723148112043  0.00263889023267720  0.00290577162847168
  0.00322059754927201  0.00358006570711457  0.00397888165060495  0.00440216970224109
  0.00487719574258825  0.00543519287786120  0.00611023805529076  0.00690364746076539
  0.00783998592296233  0.00896228113100908  0.01028584687396835  0.01177737359039123
  0.01353764318448148  0.01578091493640837  0.01863437384556000  0.02246104083446084
  0.02760927398279481  0.03453790083731534  0.04375582186190292  0.05795893524625211
  0.08186670329892658  0.12756605015297329  0.29407064734909999  1.00000000000000000
 -0.00231788274385183  0.00847750910748889  0.01840360004502039  0.02825842767458810
  0.03833740511433463  0.04874271940798824  0.05867159114631749  0.06822572460636681
  0.07807145796184356  0.08821785401590929  0.09949722167476704  0.10989934356561641
  0.11898022593197354  0.12782000753174144  0.13684191400961290  0.14624077400660007
  0.15588981495293464  0.16565970591695692  0.17664638158567983  0.18857982944052817
  0.20050210403552921  0.21283910580682808  0.22555441891149683  0.23665263905755543
  0.24742503210477815  0.25860784098711104  0.26932644651889576  0.27927320185752780
  0.28880823128347755  0.29857756254647055  0.30906590753580260  0.31868176950173249
  0.32767506635302746  0.33691180445320468  0.34618986437386851  0.35561451547558598
  0.36532348986422325  0.37514106737400416  0.38501801948777059  0.39500135154349147
  0.40464274380325044  0.41441174037022765  0.42398450675731542  0.43321653350508699
  0.44231028999872352  0.45143493905536941  0.46087061278238806  0.47097137582538651
  0.48137806108677766  0.49166030459200599  0.50191729920354056  0.51248431555981921
  0.52285105740181337  0.53228347075824067  0.54163830651050371  0.55132567062406923
  0.56103550684920123  0.57112071728391145  0.58174295871469650  0.59363138724099307
  0.60621903421688317  0.61812985194245040  0.62979304807549230  0.64123180234399391
  0.65279610218896822  0.66394861571849118  0.67526343239602438  0.68692147044534113
  0.69898769890003609  0.71068534432059760  0.72134403881221076  0.73195029136865419
  0.74281884962864997  0.75389238718374829  0.76513353676691120  0.77658516756369611
  0.78830962738898780  0.79996572059084747  0.81155615784940138  0.82343317422472140
  0.83473382717063604  0.84545970004597826  0.85576592376404503  0.86620108877300339
  0.87674049047365965  0.88850594203645095  0.90027262126326024  0.91289021825950412
  0.92490965911121237  0.93614817780817405  0.94723411261305723  0.95794801887540493
  0.96835658682198400  0.97910742535313011  0.98953338865523588  1.00000000000000000
 -0.00053206077530845  0.00399214138629438  0.00473020357906773  0.00518381955343170
  0.00553763621165608  0.00577040714970924  0.00598687882220171  0.00618854798812124
  0.00639354484758021  0.00660032262732806  0.00680022748922224  0.00699935247831124
  0.00720878300852745  0.00742394656594821  0.00764780394052998  0.00787186227911623
  0.00809616887416036  0.00832090091141659  0.00854566966039122  0.00878094118757315
  0.00903598753799322  0.00931593751664639  0.00959700132446931  0.00987550753016143
  0.01016290108253843  0.01045605851010140  0.01075572761224060  0.01107493808418712
  0.01142223471165178  0.01178813221810448  0.01215708852405324  0.01254572087393499
  0.01294178986725038  0.01334519773606997  0.01377031332423435  0.01420547141163318
  0.01465560581701016  0.01512122763854448  0.01559808119205560  0.01609227643322072
  0.01659286978030297  0.01711429303376162  0.01765704355796214  0.01821645837670972
  0.01879081202850385  0.01938863001530590  0.02000751275358575  0.02066175543897686
  0.02138386741867561  0.02216360415455210  0.02298396591687333  0.02383434460603230
  0.02469904764543673  0.02558655973849637  0.02651347636445636  0.02747032317447723
  0.02846423083759241  0.02950580787976809  0.03059520466292609  0.03174048733999149
  0.03292331608845808  0.03413945104559302  0.03539665959384272  0.03669552367731850
  0.03805177983033434  0.03946749797090170  0.04085760570135834  0.04267256607222394
  0.04482490724221460  0.04711839477826457  0.04955066359492546  0.05213135665547988
  0.05483210145661072  0.05764436684907671  0.06057804853044490  0.06391902389999887
  0.06794564865819361  0.07235500888858731  0.07712621020103086  0.08229826294442250
  0.08837298880827957  0.09525369881167364  0.10277815455678481  0.11196293464351920
  0.12235243695553755  0.13452370068774708  0.14870226983185983  0.16601545805991136
  0.18683318564299090  0.21171901919359531  0.24382387331290967  0.28566631711503443
  0.34291683579993565  0.43279059486890159  0.59937868773419112  1.00000000000000000
 -0.00268616886666730  0.00952421363443709  0.02045361793171261  0.03098637274296311
  0.04087083445614916  0.05008161814104574  0.05914151307209573  0.06864048702955566
  0.07844425665023956  0.08831019156623526  0.09804742920842567  0.10777851696402641
  0.11746480899715407  0.12720028709692718  0.13696486468965324  0.14654267700038948
  0.15606709716345538  0.16558186436209218  0.17529468689488292  0.18532020825360565
  0.19515288430950645  0.20516986656746161  0.21549600304471028  0.22569647874629159
  0.23573599737004539  0.24551032539601605  0.25520839223417824  0.26496994566072668
  0.27541081898860226  0.28639083066127591  0.29753393949347789  0.30885650214548122
  0.32024176888572742  0.33194641962052984  0.34404666773386489  0.35631989158305521
  0.36884759337478079  0.38107654917041517  0.39255708533762002  0.40400295468483555
  0.41554699386625410  0.42703375224922085  0.43830915466177472  0.44948601156687751
  0.46147159203598692  0.47359061267791891  0.48459025536709727  0.49500892832001864
  0.50640366783198221  0.51929395325660155  0.53236332332279990  0.54517438544791130
  0.55845179925066457  0.57202241600546078  0.58488281389078767  0.59586774923970598
  0.60654633434817407  0.61716065307207046  0.62669689578497878  0.63595225715977466
  0.64534868748446772  0.65531495654690830  0.66546862981065491  0.67558361355008567
  0.68586405523428939  0.69581427034931242  0.70575837590564738  0.71682275561428488
  0.72858639830860383  0.74006134937616574  0.75102200968213761  0.76178361344191803
  0.77206968835379719  0.78167009920155639  0.79122222283071508  0.80104876255576185
  0.81087911268795920  0.82045706214904635  0.82991193047044420  0.84057790704574209
  0.85218484409810080  0.86371069926670418  0.87515155579993698  0.88609685443061037
  0.89671218474042036  0.90673822262662684  0.91675733388379832  0.92676234241816635
  0.93639224012293143  0.94595157108222250  0.95582715528331963  0.96550091318845077
  0.97441330520599212  0.98276506708160816  0.99097185957998735  1.00000000000000000
   5.2493424899730585E-012  -1.0000000000000000     
 F F F F F F F F F F F F F F F F F F F F F F F F
  <DiscreteSampler_grid>
  grouped_processes
  1 # 1 for a reference and 2 for a running grid.
  10 # Attribute 'min_bin_probing_points' of the grid.
  1 # Attribute 'grid_mode' of the grid. 1=='default',2=='initialization'
  0.0000000000000000 # Attribute 'small_contrib_threshold' of the grid.
  0.5000000000000000 # Attribute 'damping_power' of the grid.
 # binID   n_entries weight   weight_sqr   abs_weight
    10   10   1.141550403590642E-001   6.118245196499274E-002   1.141550403590642E-001
  </DiscreteSampler_grid>
