  0.00018003639160188  0.00029290749619303  0.00037999504204764  0.00045333131064289
  0.00052452867638022  0.00059832666129157  0.00067263567190127  0.00074707372631250
  0.00082681379911375  0.00091209243238087  0.00099336667345105  0.00107476179715453
  0.00115882601775545  0.00124735722646577  0.00135677332629586  0.00147224736825853
  0.00157922273061494  0.00169004017520681  0.00180339712606119  0.00191912080495637
  0.00203553953317303  0.00215303613073985  0.00227178149996453  0.00239121085261358
  0.00251236967547083  0.00262948906914897  0.00275323872416108  0.00287769206870218
  0.00300990033409321  0.00315057599313794  0.00329331805055660  0.00343672283755053
  0.00357919677870024  0.00372844213295858  0.00390115423656514  0.00409550257144789
  0.00428770393188335  0.00447732611417547  0.00466450447919009  0.00485477285623452
  0.00505345815189033  0.00525740079193532  0.00545381987446006  0.00564020115105431
  0.00583095020112134  0.00600958125556215  0.00620429285197621  0.00640694942130974
  0.00662604065857211  0.00686148729674967  0.00712116645460316  0.00741553708855528
  0.00774689662452539  0.00810806374295524  0.00848305652877972  0.00887058993651843
  0.00922795439919552  0.00958682771521995  0.00995811521525475  0.01034432790357614
  0.01075855640548492  0.01120283158078446  0.01166671596238313  0.01216473518220777
  0.01270751522784040  0.01330050408334562  0.01395512253740958  0.01466848247295137
  0.01543459307728502  0.01625322179619643  0.01713817342077575  0.01807579444280616
  0.01904305373709079  0.02009212027437338  0.02129166609003774  0.02259094206919841
  0.02399411668228427  0.02549096957945704  0.02707000996798125  0.02884257650511068
  0.03097116878545590  0.03361558659022613  0.03689088738255920  0.04046639207195503
  0.04459183102489724  0.04982280794592820  0.05673101980220296  0.06521656917780146
  0.07642849274397963  0.09197782673081109  0.11288672151662604  0.14387468301754247
  0.19482626937138600  0.30037052914848150  0.63317118459706456  1.00000000000000000
  0.00009763534629733  0.00052955064300639  0.00080987387112436  0.00113668611283306
  0.00149974882219726  0.00198275308878224  0.00260023763210722  0.00318160153586421
  0.00379277460147234  0.00444450576128532  0.00513537913991620  0.00580716213476650
  0.00641205640329473  0.00699025166726092  0.00758465224668708  0.00825578375951772
  0.00894593965403235  0.00960729379549859  0.01026082703228258  0.01092179978067485
  0.01150322559446068  0.01203425199030560  0.01252541483337412  0.01304614116299569
  0.01364494886108859  0.01421059484335677  0.01484257132115687  0.01554840913867935
  0.01651346766318269  0.01736539342512954  0.01827977998907235  0.01923561314063724
  0.02001703347838187  0.02067564542784618  0.02155525389639847  0.02248419071361785
  0.02358733431536134  0.02492942415833402  0.02628885161372691  0.02759365698989764
  0.02883774314354947  0.03003041347362175  0.03128022632494892  0.03250625233675246
  0.03373753238828894  0.03494746695447352  0.03621141076894295  0.03762118834911311
  0.03916094410638344  0.04077092928218945  0.04248776278491626  0.04433981990337572
  0.04630253457781286  0.04847489860503214  0.05087851142576326  0.05352294751664510
  0.05653527845085368  0.05962824718433465  0.06275052155702489  0.06592800897368115
  0.06889389438155533  0.07173614204508756  0.07461452634077442  0.07752778162497223
  0.08064978752856625  0.08405053605782013  0.08766968729975075  0.09134379467959261
  0.09482437501644748  0.09791544239056801  0.10084363736947258  0.10385809292311245
  0.10710532685974841  0.11052698258447673  0.11423628567025840  0.11798123180400388
  0.12190441698041410  0.12615876126239250  0.13090175987349362  0.13631839882132443
  0.14255083535433685  0.14959496422056823  0.15731671912381329  0.16566266501386601
  0.17446764897406927  0.18455925492263409  0.19622520267883034  0.21031051295469011
  0.22760569537103684  0.24929139268384329  0.27500371187407319  0.30815028945849182
  0.35419294580084981  0.42559746204993987  0.56269503150385680  1.00000000000000000
 -0.00329582022131620  0.01296838057830059  0.02558827017876950  0.03664381844558001
  0.04736996857407279  0.05667177785821461  0.06637434164010374  0.07489194811551933
  0.08378154384047813  0.09256609787590638  0.10132448578861467  0.11027450671819250
  0.11953047133164103  0.12846868697381325  0.13641255313486236  0.14386109193794655
  0.15116467077759918  0.15835740892617037  0.16561149558524521  0.17286147591724116
  0.18026676045723455  0.18797615946704185  0.19715749216279677  0.20626303032272467
  0.21517429178781269  0.22407084053623061  0.23382072275864357  0.24424964745173774
  0.25430450186552794  0.26346953422176383  0.27204677943781641  0.28134627394767781
  0.29081131707672597  0.30064268096629931  0.31029894978994682  0.32030155176736347
  0.33082648223763822  0.34151584355377973  0.35215675754078879  0.36389033571163037
  0.37622540949064287  0.38880145338449817  0.40043035336658184  0.41138004276187318
  0.42192845970388149  0.43232390380753272  0.44382477523647873  0.45687829804953972
  0.47070797822772825  0.48502129380731634  0.49829227135286114  0.51116050635811361
  0.52432607579920887  0.53785736032025488  0.55099304492825252  0.56316573956040106
  0.57428596144002297  0.58505310062364146  0.59589727002230153  0.60712629117352823
  0.61879762126784210  0.63116249940607294  0.64438302946303327  0.65747039126401086
  0.67028343664472889  0.68323182649545511  0.69637740900163725  0.70912681839619640
  0.72148573429210283  0.73433357430016766  0.74756757544834485  0.76083324165182131
  0.77369245556628774  0.78645445529398827  0.79902808073615184  0.81137729073201614
  0.82311939613321183  0.83413814765081529  0.84574040077832813  0.85698850957949579
  0.86790238608257209  0.87809016147479102  0.88827132818684029  0.89814750032843382
  0.90778736783553982  0.91773500496982174  0.92778756281173025  0.93721526648906128
  0.94564700834304327  0.95391555332646982  0.96173500365235220  0.96939923340363376
  0.97688153845721826  0.98423132905039501  0.99174803798321876  1.00000000000000000
 -0.00268825123398541  0.01050599651912169  0.02109530972646648  0.03127935995454453
  0.04162619506653353  0.05231616058304450  0.06303964087688609  0.07329375596910265
  0.08302042554111395  0.09251573947527199  0.10192077905917653  0.11085720444269451
  0.11917274871031651  0.12703596265909495  0.13575972232124950  0.14532069299620037
  0.15683274978698736  0.16761751476177375  0.17872682406626567  0.18936358564015110
  0.19977889671716234  0.21041992078680422  0.22094506832352231  0.23083954415662666
  0.24065625863949991  0.25067482603080032  0.26148242226986851  0.27152938027618873
  0.28136694795221107  0.29155586890471813  0.30301193555772549  0.31559798667035421
  0.32792334726445937  0.33995203921626016  0.35161811498980861  0.36357580545343410
  0.37580625602277573  0.38851135065364140  0.40063699750512421  0.41201478319418394
  0.42309145230697759  0.43377499061891500  0.44436132214910323  0.45476219152468805
  0.46501915522653892  0.47498882617525812  0.48474309191758430  0.49508228692285822
  0.50631191977225698  0.52016981853193178  0.53209715395294865  0.54431661271549314
  0.55624247079776568  0.56779087572418596  0.57804846957925460  0.58876618766912814
  0.60001357092857854  0.61072065733971792  0.62087303856107023  0.62999959005008388
  0.63927579348823826  0.64875072754504559  0.65844918682167197  0.66764503004447440
  0.67640334014713088  0.68554328376353268  0.69610206144426234  0.70684922392662120
  0.71713319360175043  0.72753095000697310  0.73910066153601117  0.75157318282036378
  0.76455166253094975  0.77648002514457870  0.78646938975293468  0.79580117218668467
  0.80541208941706810  0.81476522126435769  0.82418756085339850  0.83387307197447558
  0.84480381567084006  0.85579209137075496  0.86674130931733340  0.87729529391205741
  0.88799788360236764  0.89868300488179875  0.90955763978182469  0.92067673180062792
  0.93141421115283707  0.94202816225956254  0.95217539707978660  0.96294192547337643
  0.97287232969692472  0.98261772545651160  0.99136272630909572  1.00000000000000000
 -0.00266781383838525  0.01087768487303428  0.02270473499230198  0.03433930369506924
  0.04627934328995156  0.05672561024150462  0.06759131299133792  0.07775977540526038
  0.08827640536881859  0.09862847351706751  0.10899874418626107  0.11967354236113224
  0.13043410826756763  0.14141276358201318  0.15286994716070229  0.16305966015300125
  0.17234817202408470  0.18057123057773519  0.18905613497409271  0.19749398112350677
  0.20643568370331447  0.21565496198470679  0.22494411952603938  0.23449189985454924
  0.24425312505927196  0.25452976325042065  0.26403254483307831  0.27384194667361428
  0.28427233747254421  0.29507528565299185  0.30573138660152721  0.31585845707433302
  0.32594549223969410  0.33580807638259214  0.34543682815049559  0.35541009687475478
  0.36580521939079891  0.37622386554127241  0.38696884026961148  0.39840249754029344
  0.41045539084611266  0.42196794780152563  0.43273634240991909  0.44295781702067677
  0.45308144989189325  0.46365255058690641  0.47511286944650510  0.48710170115015483
  0.49846217031167006  0.50921129314592617  0.51929476708474309  0.52925924452160900
  0.53948229070559583  0.55012709208469168  0.56084283398950985  0.57147982510373274
  0.58237521707019313  0.59357648131493623  0.60451027898811194  0.61601541893759493
  0.62731027149066954  0.63859703696583725  0.64933814710275672  0.65938321394209087
  0.66940906433416814  0.67958692589781455  0.68902277271766277  0.69768962018823100
  0.70625283158468810  0.71619486248733721  0.72693843381577528  0.73767830250035027
  0.74872968384823535  0.76009179374973368  0.77129510960699910  0.78226025243649233
  0.79335803208744771  0.80463430380649359  0.81583456575830593  0.82702073228336836
  0.83883685115984752  0.85148521415454270  0.86428956821545300  0.87667761687665124
  0.88756463488915527  0.89767828718315046  0.90732972655472077  0.91689246231200450
  0.92704349997142854  0.93750923121697360  0.94847599906361846  0.95864123455622596
  0.96836343048449658  0.97783923030039099  0.98837866410666619  1.00000000000000000
   1.4369168499715064E-012  -1.0000000000000000     
 F F F F F F F F F F F F F F F F F F F F F F F F
  <DiscreteSampler_grid>
  grouped_processes
  1 # 1 for a reference and 2 for a running grid.
  10 # Attribute 'min_bin_probing_points' of the grid.
  1 # Attribute 'grid_mode' of the grid. 1=='default',2=='initialization'
  0.0000000000000000 # Attribute 'small_contrib_threshold' of the grid.
  0.5000000000000000 # Attribute 'damping_power' of the grid.
 # binID   n_entries weight   weight_sqr   abs_weight
    10   10   8.944148085241627E-003   7.124820549959368E-004   8.944148085241627E-003
  </DiscreteSampler_grid>
