  0.00004196510335107  0.00004572533923959  0.00004827631134025  0.00005074491497177
  0.00005331275521166  0.00005597875335547  0.00005872098577360  0.00006144926643630
  0.00006440112292346  0.00006786281434340  0.00007162170345243  0.00007553162627609
  0.00007949097122299  0.00008354771412147  0.00008770591381587  0.00009203634686580
  0.00009662323105876  0.00010170454198736  0.00010695299520403  0.00011210300125393
  0.00011751183348794  0.00012403683844768  0.00013170546826232  0.00013941785098787
  0.00014756425026406  0.00015554630112346  0.00016434529902038  0.00017374542835861
  0.00018310771148640  0.00019199753901908  0.00020055549298727  0.00020978356115096
  0.00021973347703610  0.00022922247154872  0.00023795171816634  0.00024661342519451
  0.00025541904547429  0.00026484114039061  0.00027452525500724  0.00028455814594263
  0.00029457920024345  0.00030450356461104  0.00031621522518409  0.00032789123764539
  0.00034038188006014  0.00035399650658006  0.00036955855922386  0.00038668709997086
  0.00040407600938936  0.00042233861483111  0.00044186061211182  0.00046353025592132
  0.00048746561136960  0.00051369294109785  0.00054605367800419  0.00058069482604912
  0.00061591382753823  0.00065292779648342  0.00069343758109143  0.00073850382255194
  0.00078824565111053  0.00083961349463900  0.00089306460921810  0.00094952628749749
  0.00100943477233547  0.00107540512582716  0.00115289695936577  0.00124102802418625
  0.00133611531734532  0.00143726385755105  0.00154859729500116  0.00167407556588457
  0.00181961375091501  0.00199078266073509  0.00219226089786564  0.00242330623095847
  0.00267430799279327  0.00295428083136827  0.00328596127630566  0.00369237265844208
  0.00417535846686981  0.00476674390993992  0.00548884135491602  0.00639623785061825
  0.00750016115112509  0.00893657279714109  0.01077396538748513  0.01318501286226315
  0.01651678514289056  0.02141593380044480  0.02855934147004468  0.03946298388001542
  0.05791920427219406  0.09490487623630818  0.19093360656679506  1.00000000000000000
  0.00000128992069199  0.00000247693710200  0.00000431402981876  0.00000633059906085
  0.00000859657914550  0.00001129918962173  0.00001393198370134  0.00001677248916959
  0.00001980876895295  0.00002296287807283  0.00002637167015300  0.00002999934684754
  0.00003384953437107  0.00003787725739873  0.00004201852638570  0.00004645868582713
  0.00005120668787687  0.00005631363824677  0.00006168737924025  0.00006672961258078
  0.00007207754762006  0.00007763862896953  0.00008327244038855  0.00008944745508626
  0.00009677626372286  0.00010500523090801  0.00011375205843518  0.00012313679001423
  0.00013344473693316  0.00014418320171067  0.00015466873409340  0.00016553396488751
  0.00017689210471500  0.00018868629073256  0.00020123868706548  0.00021431051863106
  0.00022828018107536  0.00024328581173152  0.00026220765577093  0.00028063526344540
  0.00029670059036428  0.00031303520793311  0.00033006761111547  0.00034749650730137
  0.00036524174622855  0.00038630938467551  0.00041261401050132  0.00044278594879956
  0.00047571794052233  0.00051016971183046  0.00054579162154733  0.00058316100995707
  0.00062397978742055  0.00066776171934034  0.00071994895503337  0.00078058262005792
  0.00084198813435175  0.00090548879518559  0.00097467007433448  0.00105034999461074
  0.00114114788015427  0.00125206126477132  0.00136796523568538  0.00147948447728662
  0.00159660432427467  0.00172078949707015  0.00185035122410500  0.00201217971973471
  0.00219178758202113  0.00238985797332331  0.00261300305240172  0.00287469305817395
  0.00318389382655569  0.00353006782521978  0.00391794176838681  0.00436379710555554
  0.00486544043163310  0.00544718809648537  0.00611622997006759  0.00687860523828994
  0.00776240641979046  0.00878728193553681  0.01003534561573403  0.01163020960943593
  0.01365495539537556  0.01616167233760067  0.01935789895020419  0.02353329167488368
  0.02943338377611423  0.03756306715620032  0.04930793314909038  0.06849623701843453
  0.10828536503904237  0.20190676641786945  0.80782829942816803  1.00000000000000000
 -0.00282521466650173  0.01022245273992069  0.02101910302304375  0.03205518315282339
  0.04248291724682506  0.05280080922652761  0.06371996710773810  0.07504648436162770
  0.08704206998226065  0.09972565689121202  0.11226875054853899  0.12516846880166549
  0.13804161048610802  0.15035790954193004  0.16180693482194200  0.17217425700775330
  0.18186417782594214  0.19173963692263601  0.20238127711849960  0.21346491523096531
  0.22448843428229079  0.23556303146314853  0.24693206487240227  0.25819930762551424
  0.26932373962032363  0.28063751513277524  0.29155911640956922  0.30145228153619252
  0.31140257665378557  0.32176834586514624  0.33181199135912826  0.34127789822982574
  0.35028682527081928  0.35955300460269146  0.36896749741645313  0.37873951260350280
  0.38889711281495326  0.39931349590118875  0.40949514224681932  0.42083644204970272
  0.43309601133684722  0.44548325913478770  0.45791139153148980  0.47032735297094536
  0.48234121074448461  0.49435414979228548  0.50655742023619965  0.51915074748698009
  0.53184684819482619  0.54373094110446474  0.55547750542712826  0.56675636726616674
  0.57836576303608078  0.59038182382883353  0.60246442423459556  0.61360662778201702
  0.62408789375699769  0.63435057862852162  0.64496206221172525  0.65614629274114611
  0.66747369250623145  0.67872510420128584  0.68947159280929438  0.69986069939803364
  0.71009486707699032  0.72037249867923370  0.73023396560073195  0.73895038612213448
  0.74742028527277238  0.75585503878957427  0.76427242738723322  0.77273322312020443
  0.78123177689847667  0.78948304970842820  0.80023909907634216  0.81154209055735560
  0.82318830309943802  0.83488526480258807  0.84710126436279065  0.85721711551370539
  0.86586323604915816  0.87388696264504484  0.88182804399156356  0.88982620993227957
  0.89775088459603469  0.90495391171388806  0.91220818193158149  0.91999238312395981
  0.92851254985190557  0.93679397921661578  0.94493939602306398  0.95310585529712255
  0.96299027639784540  0.97546720018953659  0.98810476369623335  1.00000000000000000
 -0.00018262316337497  0.00406873772572540  0.00464299838601641  0.00500828787831648
  0.00523206657949628  0.00545506409997546  0.00567530123976575  0.00589010273674172
  0.00609552344775081  0.00630267039253267  0.00651091086969951  0.00672052277294191
  0.00693259145709122  0.00714983876762490  0.00737094383036733  0.00759432601723527
  0.00782194717005870  0.00806916201875174  0.00832962330748732  0.00859279279867536
  0.00886489048285473  0.00914463509259830  0.00943537882668897  0.00972817056864844
  0.01002695583431198  0.01033926595319442  0.01065780532826867  0.01099042748409324
  0.01133816101099308  0.01169221871638547  0.01207025675611801  0.01245551366183555
  0.01284847398343550  0.01325876586291946  0.01367195674448553  0.01410244502708662
  0.01454468798477810  0.01499425124145532  0.01545210917246941  0.01591949588368273
  0.01639498673139095  0.01689152467069716  0.01740723355752110  0.01794154787270081
  0.01849140925934216  0.01905486247148915  0.01963588135889041  0.02021793301039208
  0.02080841401043648  0.02154256349757355  0.02228474090353482  0.02305386858846989
  0.02386301841799050  0.02470626045421585  0.02557979308475507  0.02648262675772018
  0.02741977550894648  0.02838884548675702  0.02939061307920141  0.03043631241015836
  0.03151075021891690  0.03261161566930023  0.03375374234406805  0.03494610596467204
  0.03619584024901275  0.03749431012079396  0.03883671026069655  0.04020629847020653
  0.04167612011385403  0.04377428454746196  0.04618474043463715  0.04864186017718806
  0.05124859109328338  0.05405094017580871  0.05706611881339964  0.06024090850446576
  0.06395396234797705  0.06846828696932838  0.07341895094127519  0.07865606286590933
  0.08450752346399666  0.09156988648499710  0.09928470233759647  0.10817272003243301
  0.11863350464712512  0.13058134347431322  0.14492296648622532  0.16224121226934721
  0.18306854452043153  0.20834812635492853  0.24050976596871601  0.28281029552876619
  0.34082900727387483  0.43106581608072858  0.59877333646197439  1.00000000000000000
 -0.00290185215045126  0.00964008400002093  0.02041468744500457  0.03128195834327318
  0.04179400095199359  0.05166865174188782  0.06139789143428902  0.07116677371301036
  0.08090512905924910  0.09080142440953153  0.10062692769786846  0.11046603591605528
  0.12115067781319985  0.13167454961895564  0.14253224766045550  0.15284422991208826
  0.16283194941839005  0.17331212590566472  0.18448580521065583  0.19575096221331997
  0.20675383122611560  0.21755124973909920  0.22874700836227468  0.24061428752646219
  0.25229507366059684  0.26326462572347303  0.27428662614701366  0.28586277073353211
  0.29700288190849766  0.30701324284467862  0.31774642739183440  0.32910125386883499
  0.33931390896194535  0.34853888076546624  0.35788544849263892  0.36782721594799911
  0.37794996449100771  0.38752125089569461  0.39751491025524960  0.41011973230509052
  0.42223445030651324  0.43278181782125336  0.44286687169333000  0.45285430570293189
  0.46325925827611003  0.47408290622888677  0.48662996093165595  0.50078573359750767
  0.51594157489187908  0.53061397217483741  0.54305916032360524  0.55322412421752964
  0.56273125148650727  0.57224621068604709  0.58183547994337603  0.59158310801813163
  0.60103179056068123  0.61178018525923572  0.62340809878196390  0.63529587702739632
  0.64758162181156176  0.66032994376485721  0.67215813330125052  0.68366187406698009
  0.69548710406315761  0.70803456034714740  0.72113756366670967  0.73405182366671828
  0.74570901076722640  0.75571836034971906  0.76406278802174366  0.77257794835334248
  0.78095756994429411  0.78936951755861429  0.79766492046969195  0.80570157945322018
  0.81417768830172543  0.82372493875327357  0.83336301973631688  0.84246451386789023
  0.85193716672775766  0.86120409179745583  0.87015090581801280  0.87913152467137257
  0.88788921403985832  0.89661592741908502  0.90523327932924535  0.91452748233314995
  0.92490862802773066  0.93595557216403613  0.94734991572449090  0.95867480712434083
  0.96867089550874841  0.97936911223924439  0.98962884668548234  1.00000000000000000
   5.1006256697471307E-012  -1.0000000000000000     
 F F F F F F F F F F F F F F F F F F F F F F F F
  <DiscreteSampler_grid>
  grouped_processes
  1 # 1 for a reference and 2 for a running grid.
  10 # Attribute 'min_bin_probing_points' of the grid.
  1 # Attribute 'grid_mode' of the grid. 1=='default',2=='initialization'
  0.0000000000000000 # Attribute 'small_contrib_threshold' of the grid.
  0.5000000000000000 # Attribute 'damping_power' of the grid.
 # binID   n_entries weight   weight_sqr   abs_weight
    10   10   3.896528825248920E-003   4.681525054471121E-005   3.896528825248920E-003
  </DiscreteSampler_grid>
