  0.00278383955643562  0.00293820643177539  0.00306085312624245  0.00318608192082431
  0.00331336477806377  0.00344414157876007  0.00357926687238176  0.00371907210925854
  0.00386389741590735  0.00401349687935969  0.00416701153985047  0.00432609573496085
  0.00449240264091508  0.00466467631510545  0.00484207196696116  0.00502684939659805
  0.00522025475960329  0.00542045858646737  0.00562701927041259  0.00584384296363945
  0.00607180837495568  0.00630741195958243  0.00655140926299245  0.00680613638218417
  0.00707252339736616  0.00734770870932754  0.00763094348737681  0.00793117517595699
  0.00824470705550465  0.00857006467271981  0.00890905006163883  0.00926295445742971
  0.00963188186594355  0.01001535111002282  0.01041289309113630  0.01082744114904354
  0.01126521525282769  0.01172057011645892  0.01219342370227381  0.01269172851976614
  0.01321204834441047  0.01375238882003522  0.01431635124796964  0.01491019509813605
  0.01553439371074728  0.01618765016408358  0.01687120292191650  0.01758866366904618
  0.01834186105242759  0.01912749107988743  0.01994724877918122  0.02080969105371423
  0.02172224687030376  0.02268227379649011  0.02369036681347819  0.02474892537411130
  0.02588094953086541  0.02707243513017450  0.02832266801471862  0.02963946832605464
  0.03103925796158655  0.03252623309112227  0.03410099844143633  0.03577032524659692
  0.03755018548517118  0.03945626648193939  0.04148967634264950  0.04365590343787989
  0.04597244670451311  0.04845486290414929  0.05114291425608008  0.05405811539940290
  0.05721416157430431  0.06063060419810511  0.06432633153044369  0.06834539940242955
  0.07273798892237637  0.07758721164141888  0.08289279002031839  0.08868412857572755
  0.09508402845270715  0.10235415678188969  0.11068470115860658  0.12003576944821909
  0.13043750755858816  0.14200678792683205  0.15544105248725781  0.17156304437343325
  0.19085111207091121  0.21336071506148530  0.24047452350157905  0.27243111785383550
  0.31129505351716963  0.36958054347094771  0.46008513205678897  1.00000000000000000
 -0.00242216493608224  0.00946797388622032  0.01950760904533850  0.02996860077520094
  0.04039489922197313  0.05102838243490249  0.06159167185956011  0.07213092014030051
  0.08270116534273260  0.09339729066008527  0.10412174877120595  0.11492814787827527
  0.12566354609319749  0.13640477880197605  0.14699022249430846  0.15752432448984285
  0.16805525944623220  0.17861167749858739  0.18916227966595636  0.19970433973355919
  0.21017734620569270  0.22074157107740919  0.23136749554400149  0.24195276755083231
  0.25253576352964879  0.26302755345126222  0.27352751410220888  0.28399732379799952
  0.29448672862449721  0.30504141399094575  0.31564036201587414  0.32623714928722664
  0.33686144867413398  0.34751877137023934  0.35819527476293733  0.36886053191972829
  0.37957731645841220  0.39041081617865725  0.40118116022154454  0.41184943921887734
  0.42235328165910641  0.43283919579357216  0.44330333908389119  0.45381603266202175
  0.46429716556247952  0.47473911888097658  0.48518177562403475  0.49564827693480445
  0.50621201632619539  0.51686149127059822  0.52747276968241374  0.53808817777551721
  0.54858069072340021  0.55906787370073230  0.56944555499024885  0.57990755854343223
  0.59035168614942446  0.60081206594660519  0.61108487084657837  0.62136423680399344
  0.63172141272304350  0.64215332989472174  0.65267737502564116  0.66316907382029044
  0.67373091423392995  0.68428062939642098  0.69491817138283307  0.70548132995532986
  0.71601099797812573  0.72639847791221657  0.73683049067056738  0.74722548937432820
  0.75765794709034917  0.76797787073824608  0.77838921574170938  0.78885298922823965
  0.79939332505630545  0.81000317747931894  0.82046035367656633  0.83100171822254010
  0.84152541723456986  0.85216797865068861  0.86285738772058695  0.87353451474191102
  0.88422718400274758  0.89490556790328935  0.90537908267649969  0.91586600332096568
  0.92625648428353735  0.93672482790278255  0.94716625872229254  0.95757322303707459
  0.96808934831179672  0.97862819225239850  0.98930895562814092  1.00000000000000000
  0.12011426621086355  0.13168490736596447  0.13946224233265586  0.14732482276103401
  0.15528357235844328  0.16326308844176654  0.17129574517968615  0.17935059400945860
  0.18742585541563550  0.19552960697322336  0.20365759804214253  0.21182867137221906
  0.22004043732756681  0.22827653516521457  0.23655781736850409  0.24487944747340026
  0.25324604565972381  0.26164963249445050  0.27007155996655952  0.27852290779016436
  0.28700658446070976  0.29552961939633904  0.30409775805317529  0.31268695408326802
  0.32130374507271703  0.32994892984927870  0.33862029475117617  0.34732001871216583
  0.35602198531506085  0.36474465057808042  0.37351123588349033  0.38232954420915233
  0.39119434083878790  0.40008379581327874  0.40899504450423857  0.41791156875693564
  0.42683700742232539  0.43578236540673043  0.44475039362892216  0.45372865349144481
  0.46274474972317714  0.47180110146542781  0.48086461220362109  0.48994832381318415
  0.49904189755398315  0.50815119961787925  0.51729664378533302  0.52646693010218781
  0.53564108177424419  0.54477062870839887  0.55390676105694436  0.56311545885599734
  0.57238299593301312  0.58165083523156502  0.59088015874992694  0.60006540607339387
  0.60924249715630585  0.61840522463651215  0.62761854623056446  0.63688573066085286
  0.64617183552875190  0.65544073430071303  0.66468011124363546  0.67396870247811813
  0.68331721044842597  0.69268425486793539  0.70201217369885915  0.71131967723591649
  0.72070966591611485  0.73022608216438489  0.73981409341432791  0.74941098159366648
  0.75908570947239018  0.76884625811645402  0.77869622059258059  0.78859776111369950
  0.79850258783989858  0.80841209813929471  0.81835679418945451  0.82834589796212810
  0.83839801974461836  0.84844218171669583  0.85848116953116982  0.86853932553676261
  0.87869717032178252  0.88907726599274850  0.89974372546099812  0.91076622205769298
  0.92195962251921648  0.93302597764747974  0.94310270346801950  0.95204883507231985
  0.96085290680559887  0.97051178401935467  0.98299046097970388  1.00000000000000000
   1.7208204717697306E-003  -1.0000000000000000     
 F F F F F F F F F F F F F F F F
  <DiscreteSampler_grid>
  grouped_processes
  1 # 1 for a reference and 2 for a running grid.
  10 # Attribute 'min_bin_probing_points' of the grid.
  1 # Attribute 'grid_mode' of the grid. 1=='default',2=='initialization'
  0.0000000000000000 # Attribute 'small_contrib_threshold' of the grid.
  0.5000000000000000 # Attribute 'damping_power' of the grid.
 # binID   n_entries weight   weight_sqr   abs_weight
    10   10   2.857315755323024E+010   2.089915378137139E+021   2.857315755323024E+010
  </DiscreteSampler_grid>
