  0.00002832910117077  0.00003301118573285  0.00003631532993345  0.00003907370336609
  0.00004139960921248  0.00004401499996227  0.00004676631202883  0.00004953035495218
  0.00005231127091373  0.00005531487703413  0.00005869199404000  0.00006215238399136
  0.00006571684367134  0.00006933491973031  0.00007302659713832  0.00007684321751265
  0.00008079692605344  0.00008491720402336  0.00008905648867424  0.00009337616082458
  0.00009912634282532  0.00010452079881015  0.00010978183843607  0.00011494763916184
  0.00012178637981897  0.00012930531538861  0.00013765833858376  0.00014614119384514
  0.00015415432068332  0.00016213511836552  0.00017016786470748  0.00017738300445614
  0.00018515759750878  0.00019335490508119  0.00020179256059803  0.00021028422542753
  0.00021906385872678  0.00022933732180957  0.00024097088832033  0.00025316579517216
  0.00026489476963940  0.00027699279371869  0.00029123068020248  0.00030736889827800
  0.00032433403068393  0.00034269837792182  0.00036143204574123  0.00038056327036678
  0.00040035200872792  0.00041981112539614  0.00043764440887118  0.00045535998809504
  0.00047454295690872  0.00049478149215916  0.00051626737460572  0.00053789449951561
  0.00056852434057911  0.00060577528065659  0.00064524753713817  0.00068568473734498
  0.00072775729263449  0.00077333240896427  0.00082564455641748  0.00088466925144943
  0.00094578131997872  0.00100827320456609  0.00107696571442212  0.00115049179357727
  0.00123270178347768  0.00133205423435109  0.00144642426419005  0.00157495339926994
  0.00172103038326085  0.00188507566858202  0.00206652939044902  0.00226328613622941
  0.00248343810940508  0.00274010421931591  0.00306241883298374  0.00346672611994301
  0.00395666593488520  0.00453148229233703  0.00522811848648163  0.00613958044556730
  0.00728629244994945  0.00867567549388504  0.01038067483277533  0.01278541474430381
  0.01610231346968154  0.02091492452496076  0.02783585473742130  0.03966153551175936
  0.05829857407034453  0.09511129378420710  0.18792703342002592  1.00000000000000000
  0.00000172754502331  0.00000390719989485  0.00000617923951722  0.00000855412243590
  0.00001128435445581  0.00001410104310733  0.00001700161415285  0.00002007820419992
  0.00002320284151817  0.00002649282924533  0.00003002007356782  0.00003370764574282
  0.00003780437203977  0.00004208890644917  0.00004665605969479  0.00005164749466297
  0.00005703324857413  0.00006267425960294  0.00006891939940485  0.00007575142715552
  0.00008291533768478  0.00009012471034676  0.00009905132406493  0.00010832166305582
  0.00011788451954070  0.00012663087376001  0.00013488015469633  0.00014356240258428
  0.00015214493388562  0.00016074662520593  0.00016944321015169  0.00017846733464039
  0.00018874667246884  0.00020059330352788  0.00021319200795065  0.00022635846092761
  0.00023980248530596  0.00025427915720643  0.00027086228337007  0.00028857425415759
  0.00030714558473345  0.00032775854498229  0.00034857282745773  0.00036962917905763
  0.00039191208483037  0.00041521196328630  0.00043924335290943  0.00046443235746528
  0.00049049368499648  0.00051941546782527  0.00055017724652385  0.00058210976582108
  0.00061785814405758  0.00065932295923569  0.00070572720958614  0.00075937352343810
  0.00082069709665393  0.00088589125488589  0.00095942937835354  0.00103955090235484
  0.00112337850832346  0.00121160167188087  0.00130962061878030  0.00142271087789089
  0.00155434340943976  0.00169872000148008  0.00185424466241840  0.00202193621196229
  0.00220964216049969  0.00241811191841735  0.00264870336887231  0.00288554354959526
  0.00314541704205547  0.00342896727945253  0.00376595407175345  0.00418464471991167
  0.00465850036199465  0.00519493874276108  0.00583208321400335  0.00659286967724541
  0.00747776869268958  0.00850581021208241  0.00964524764209496  0.01097770070885909
  0.01264028366225309  0.01471126817390372  0.01734854434228430  0.02080230908646229
  0.02522840976735100  0.03088798848683133  0.03932438470570492  0.05139254476596378
  0.07014261067347777  0.10817333754834052  0.19523068943886990  1.00000000000000000
 -0.00249019886387105  0.00965999686299509  0.02030660706145018  0.03163611681469649
  0.04348819417048773  0.05586775342257081  0.06840462446941616  0.08121219338927235
  0.09339463635639539  0.10543738721551203  0.11747676003339258  0.12853535257633075
  0.13879631537371129  0.14887447427314035  0.15837830574965239  0.16757201665234367
  0.17687684836444398  0.18638743035552138  0.19588364330179386  0.20428971822424380
  0.21456010318557470  0.22575171166823191  0.23786766989319991  0.24914835067378727
  0.25883328511609749  0.26819696532483650  0.27777989370418488  0.28762408768941650
  0.29717159764534501  0.30661586247444789  0.31604765802051799  0.32609627891880810
  0.33563422683653316  0.34472638972501579  0.35354070898199896  0.36238557236759827
  0.37132952805631703  0.38147629104652797  0.39219172424329762  0.40325275134338451
  0.41385285864251647  0.42438724303218228  0.43502905229020655  0.44624657292622677
  0.45769299794230189  0.46952730017762917  0.48112415181097679  0.49153626116260551
  0.50202052459216617  0.51168865381732831  0.52171799185622425  0.53230304204121315
  0.54335958407828233  0.55448134403695892  0.56492235999315410  0.57559610781592496
  0.58622317321569339  0.59680092113867023  0.60779001523550980  0.61906960073894757
  0.63119722302986214  0.64314347612192979  0.65562536175360397  0.66783728902963069
  0.67877665809690946  0.68929281774425377  0.69981042176830011  0.70995064696122823
  0.72097109595691244  0.73164300676786853  0.74182597150228102  0.75200240196130552
  0.76237689931984687  0.77324422374895707  0.78494924056014359  0.79532634416199166
  0.80443221761046435  0.81313773168385095  0.82210129522802544  0.83102350017354454
  0.84003468807342396  0.84858258066063730  0.85758883725864943  0.87019737376928430
  0.88172244622616580  0.89296275574002271  0.90342571636191127  0.91368266716852342
  0.92347843348032965  0.93306631261260220  0.94280694716510405  0.95279535881563793
  0.96364147879196060  0.97505778954320221  0.98697974629450247  1.00000000000000000
 -0.00055426514511176  0.00399965577553755  0.00455541392395023  0.00495983883085828
  0.00530124005799418  0.00556049773802985  0.00581381877194054  0.00604353418117092
  0.00627648372482555  0.00651825956066584  0.00676110379708169  0.00700498959251274
  0.00724955816349034  0.00749484874357011  0.00774454444606207  0.00799574828230104
  0.00824859572308175  0.00851166975275434  0.00878437693005452  0.00906986219405913
  0.00936937972895920  0.00966924540852119  0.00996760192290819  0.01027615828440314
  0.01058947108353671  0.01090777470514424  0.01125179726978829  0.01160305042423682
  0.01196075924586632  0.01232421783205604  0.01268988322674272  0.01306462741209440
  0.01345331970197227  0.01386472912165223  0.01428581022165582  0.01472112303479385
  0.01516968710673276  0.01563081951662391  0.01612143539587399  0.01662174118851761
  0.01714111675500664  0.01768318360258127  0.01824663180371029  0.01882863777979255
  0.01943782958143941  0.02006462711700269  0.02070802286971513  0.02143245825086926
  0.02220047466415871  0.02299068791466209  0.02380575501175079  0.02464676884453970
  0.02551035212474368  0.02639035437036161  0.02728328735910120  0.02819653787092573
  0.02913731040796263  0.03012881969052360  0.03118261470095027  0.03229266733325627
  0.03344588977873959  0.03462650688207743  0.03585394106839081  0.03714340001680307
  0.03850593537217022  0.03990074525139969  0.04137448871204439  0.04320696908975806
  0.04528851247853029  0.04747299517443169  0.04977564670773917  0.05220354437596886
  0.05475377585760997  0.05745155016543461  0.06022328563138592  0.06352724996416917
  0.06765980573171511  0.07221746070122444  0.07703790876476260  0.08225050392350787
  0.08864856183244380  0.09590170715729945  0.10393802626477697  0.11331621787500826
  0.12384495512795747  0.13630603561884144  0.15069083054177401  0.16797741891441362
  0.18879507837568560  0.21384228318052304  0.24584461646292149  0.28732311961156026
  0.34479116504492385  0.43402497522981520  0.59929687735531456  1.00000000000000000
 -0.00236143157606754  0.00860319026529700  0.01870111271215840  0.02862543531992531
  0.03860256886739038  0.04733281218474621  0.05506619746122658  0.06268757828983908
  0.07008461229381384  0.07744557463553205  0.08507395368096701  0.09292223713368078
  0.10130428237544790  0.11091634485484077  0.12158334634002591  0.13292118211187559
  0.14421251458331794  0.15476928401371406  0.16481723722040606  0.17505462324346960
  0.18546555461400127  0.19563358320570948  0.20581416542591680  0.21540434689389210
  0.22490526731031907  0.23400849087882472  0.24300161244122159  0.25222957906165089
  0.26151043205704649  0.27110779294726978  0.28142526061073653  0.29228555692472374
  0.30414967653544600  0.31608380906375216  0.32728505300134991  0.33846580293636080
  0.34970101959314109  0.36071746876039029  0.37155416093668059  0.38259501162812365
  0.39404914635406568  0.40580043830280216  0.41821123684915945  0.43177473879231121
  0.44488363159582861  0.45755251621471332  0.46920951778365477  0.48096752775116580
  0.49321552332813967  0.50489220080013553  0.51612489473400558  0.52847131745650799
  0.54077244147204084  0.55222180949024968  0.56286320604782836  0.57566140769633800
  0.58818159973868811  0.60090386171065713  0.61369206225698858  0.62689415589527875
  0.64052792781047885  0.65088960048902222  0.65997398137353824  0.66985085584513870
  0.67949201369577661  0.68863306118386969  0.69725627355342923  0.70622562814811141
  0.71678145845434060  0.72848240083352633  0.73942847888418428  0.75039237798388969
  0.76188332039181061  0.77352744483704172  0.78446678542919135  0.79537666597476542
  0.80567331024937372  0.81639462521514239  0.82697050090039281  0.83821778234119371
  0.84913467459078495  0.85993444637997840  0.87035655593057804  0.88087610119984938
  0.89126574434240480  0.90131432430044811  0.91108604606189092  0.92093080413300910
  0.93058862594987368  0.93986849452044441  0.94915206658876350  0.95871206156539590
  0.96901234022582317  0.97918715887610730  0.98967487062017911  1.00000000000000000
   5.0723654335706998E-012  -1.0000000000000000     
 F F F F F F F F F F F F F F F F F F F F F F F F
  <DiscreteSampler_grid>
  grouped_processes
  1 # 1 for a reference and 2 for a running grid.
  10 # Attribute 'min_bin_probing_points' of the grid.
  1 # Attribute 'grid_mode' of the grid. 1=='default',2=='initialization'
  0.0000000000000000 # Attribute 'small_contrib_threshold' of the grid.
  0.5000000000000000 # Attribute 'damping_power' of the grid.
 # binID   n_entries weight   weight_sqr   abs_weight
    10   10   5.028531775034459E+000   2.309163868497588E+002   5.028531775034459E+000
  </DiscreteSampler_grid>
