  0.00003040348452964  0.00003318228031954  0.00003531667808139  0.00003722523048530
  0.00003900784130717  0.00004090008073222  0.00004318356419592  0.00004554938652835
  0.00004797784634668  0.00005059493609141  0.00005339017952169  0.00005651773435404
  0.00005974819899860  0.00006294830811553  0.00006623290034589  0.00006966397071288
  0.00007319632667039  0.00007704784859374  0.00008114321102247  0.00008527106475419
  0.00008910870503815  0.00009278764095741  0.00009741256027350  0.00010249728664365
  0.00010771682809408  0.00011300519406534  0.00011838848205642  0.00012443029807912
  0.00013213870704285  0.00014054902567778  0.00014847315990029  0.00015638183433950
  0.00016580427947877  0.00017470016839012  0.00018351378585334  0.00019292857398475
  0.00020327952162425  0.00021425729629479  0.00022533447972361  0.00023658049120185
  0.00024857693510927  0.00026246891965598  0.00027696776788911  0.00029155806427637
  0.00030812841994964  0.00032622586558380  0.00034522390247826  0.00036483738348372
  0.00038470066446303  0.00040515072215816  0.00042536464107603  0.00044513813137148
  0.00046666331916563  0.00048830280457690  0.00051325734711798  0.00054235651117466
  0.00057509199272813  0.00061393139540704  0.00065621740215578  0.00070324054995719
  0.00075572382706450  0.00081146566689728  0.00087117442124092  0.00093432695727498
  0.00100175622594418  0.00107668740772745  0.00115787280511749  0.00124473174162819
  0.00134033864773738  0.00145006925095227  0.00157509873793616  0.00171093222807169
  0.00185991335751219  0.00203112895088811  0.00224646950765579  0.00250479493215446
  0.00278807988771186  0.00310560126919630  0.00348131335807835  0.00393850496534582
  0.00446398546024479  0.00507850922445469  0.00583301382652265  0.00673784017696126
  0.00785847511592824  0.00937865784737234  0.01139058262211247  0.01397975522674922
  0.01749980675287973  0.02256676416765930  0.03046774417827289  0.04276606739355705
  0.06337977869767916  0.10113453186881718  0.20652700868972190  1.00000000000000000
  0.00000156350553033  0.00000702461057080  0.00001088327700480  0.00001388203933715
  0.00001689620692832  0.00001993722710422  0.00002317289268660  0.00002669854143948
  0.00003059182450025  0.00003447157963023  0.00003870241768529  0.00004314844732494
  0.00004777618743082  0.00005315769314529  0.00005892776538556  0.00006522148188921
  0.00007196664052400  0.00007893522827756  0.00008650608215321  0.00009407332961897
  0.00010176008209763  0.00010963919969089  0.00011760289274129  0.00012564549547012
  0.00013390511393350  0.00014248234619507  0.00015125012616054  0.00015986492640291
  0.00016884325807798  0.00017912238267195  0.00019063259600093  0.00020340523428780
  0.00021735725644220  0.00023263853517909  0.00025033499797547  0.00026808427569074
  0.00028639550420673  0.00030523233658550  0.00032437236693461  0.00034467137022561
  0.00036773891252687  0.00039281578809991  0.00041920617608919  0.00044679603806375
  0.00047537883030228  0.00050600006587772  0.00053980896061022  0.00057493615491148
  0.00061038546377997  0.00064149022122835  0.00067337729911020  0.00070640816335688
  0.00074078725866936  0.00077817569007526  0.00081961091769843  0.00087713990854557
  0.00094819949516905  0.00102504660555625  0.00110925981746000  0.00120112701172566
  0.00129999855741180  0.00141305946854634  0.00153932569535315  0.00167784325011472
  0.00183169628922778  0.00199049550742032  0.00216500686095146  0.00236003750375022
  0.00258499320674326  0.00284483118765091  0.00312972969454060  0.00343463321654384
  0.00377704029641223  0.00417865550420225  0.00464495952245884  0.00515767094455557
  0.00570866260939973  0.00631306017380972  0.00702005147362526  0.00788735964223593
  0.00891339742402291  0.01008631266867713  0.01146305496973525  0.01318265795429933
  0.01540033322443189  0.01815138788140504  0.02163579233692933  0.02602710835316167
  0.03188147936020114  0.04051844262409396  0.05371123144425743  0.07366250077581575
  0.11513298017351442  0.21236925659883515  0.81512786280072369  1.00000000000000000
 -0.00294478939626975  0.01135309567317056  0.02274040011027468  0.03399064404716036
  0.04536528230654691  0.05743775355676932  0.06916783802208065  0.08051796115958419
  0.09134197304176551  0.10209383489424920  0.11269086777184037  0.12322725441398423
  0.13401400253796092  0.14524260276539822  0.15725768827333089  0.16943845332032237
  0.18157834150402014  0.19342580575386775  0.20443912325263133  0.21465773924974768
  0.22449769532613781  0.23432895067055776  0.24441299987335677  0.25499185084835846
  0.26604958391443151  0.27734284150780891  0.28849398248214703  0.29926291369234070
  0.30967559268036632  0.31822458073424803  0.32627219975799443  0.33443799594864138
  0.34286905507244897  0.35132106091094828  0.35961890726687351  0.36769023906910719
  0.37634226705744911  0.38681275959685385  0.39737518258859050  0.40769381391984594
  0.41743637575285736  0.42531003541145801  0.43442714139297761  0.44424897980819972
  0.45379913726535620  0.46310832098338178  0.47218896024662371  0.48174130864322806
  0.49194853592921967  0.50212998904330219  0.51227124854246275  0.52265310435211043
  0.53330025623143618  0.54399045211329566  0.55283011040498697  0.56260959229081986
  0.57210666199277849  0.58131043152778772  0.59067335605696469  0.60023389435178842
  0.61169700118769577  0.62321908165573803  0.63462162722533044  0.64593201595960992
  0.65822488435993631  0.67016614176581080  0.68200024864918340  0.69388091512442551
  0.70621016006346782  0.71861034199718976  0.73083015992514544  0.74265865815270171
  0.75400752850226116  0.76510950982693926  0.77620641718735972  0.78767014275339153
  0.79900814378234952  0.81007956995940733  0.82135955093450763  0.83317832454089025
  0.84515231391950008  0.85670512260151599  0.86785037329459203  0.87841139628133902
  0.88870096798981113  0.89895167969371570  0.90842341519308023  0.91804990286431221
  0.92655208099969155  0.93542328528990804  0.94503821748222305  0.95587000168154679
  0.96651782814835918  0.97764001245087129  0.98866816725296658  1.00000000000000000
 -0.00072384877531829  0.00438122535265806  0.00481163695058475  0.00511910599772841
  0.00537247347528510  0.00559513729563895  0.00580852098486223  0.00602163288921554
  0.00624930271167700  0.00646361944906521  0.00666088327002996  0.00686578070859038
  0.00707242817578049  0.00727567018130979  0.00749125933257616  0.00771726340336570
  0.00796117407985975  0.00820666208050060  0.00845312930434483  0.00873122211197652
  0.00901286952335309  0.00929742755794418  0.00958873136973361  0.00989009067096834
  0.01020344596182301  0.01051947141734356  0.01085258694511431  0.01120099324046393
  0.01155615249781247  0.01192034656272817  0.01228983957178979  0.01266512765697866
  0.01305631746555153  0.01346095377030824  0.01387705602589727  0.01430286702925159
  0.01473679435366469  0.01518564020086692  0.01565333587302082  0.01614211959446444
  0.01665217599641963  0.01718236126616694  0.01772892890465998  0.01830256831804047
  0.01888500129720591  0.01947873715061822  0.02008228584449159  0.02071195224487016
  0.02138884101784908  0.02211712263157116  0.02288682495440695  0.02368025670582037
  0.02452297148862976  0.02540328565859983  0.02632893436311139  0.02728159388422563
  0.02824974102581893  0.02923825222275055  0.03025479990173154  0.03133393637991731
  0.03247563994460648  0.03367366527304343  0.03490381775423392  0.03617534299548622
  0.03748729659561167  0.03884116357947122  0.04021079708287095  0.04178452353201650
  0.04378723730495225  0.04606250253675449  0.04847697197880625  0.05101730461605825
  0.05373301794190870  0.05661628005194849  0.05963341503140750  0.06297935401007532
  0.06702245213428720  0.07146254630878693  0.07628285524532975  0.08147698424263741
  0.08783041571697421  0.09511084300942854  0.10307257507960491  0.11240738577641694
  0.12305526312957570  0.13580307203812675  0.15056070336748192  0.16802638440621998
  0.18903192649502279  0.21442447536153517  0.24637738403771459  0.28778016303591503
  0.34604320489114510  0.43702970273654629  0.59894675798195585  1.00000000000000000
 -0.00279547250645602  0.01019809095914685  0.02089371797439777  0.03139516384006856
  0.04191502639643581  0.05175495418510732  0.06199567455217962  0.07198687996061953
  0.08199557588624713  0.09163742825903667  0.10143173265398424  0.11159109614815987
  0.12178132096455162  0.13191732881209497  0.14150571025712691  0.15011540543944477
  0.15807466104197135  0.16607280350537795  0.17437521214322382  0.18278006978972505
  0.19119931950054256  0.19950656457212265  0.20802936247848000  0.21787177133878596
  0.22808762962831983  0.23856540183683436  0.24946827432782323  0.26106712705048690
  0.27297462470515060  0.28560821773564937  0.29854379398955261  0.31119205055491800
  0.32393841384246158  0.33519459262571849  0.34421930243707582  0.35289832503916135
  0.36171091887727808  0.37076880060221479  0.38032649614663006  0.38949763908709040
  0.39914566897080389  0.41269678063390958  0.42464765253423731  0.43593153350810582
  0.44736217935965239  0.45862047037159631  0.46993639134482545  0.48222302798275346
  0.49541428087213851  0.50819606396928896  0.51994616483194833  0.53147632641161557
  0.54220588109828727  0.55277907800604364  0.56409111520149280  0.57610467979463564
  0.58939242985151841  0.60235054067333127  0.61477842002484073  0.62703554710256526
  0.63919611363119322  0.65114167231453290  0.66300429783282744  0.67504736010809874
  0.68699034343981658  0.69822677483551865  0.70882832209858115  0.71953361215210265
  0.73054317271089531  0.74154988225611496  0.75242168820677380  0.76290288299490949
  0.77320474917236692  0.78330049864162044  0.79315782287422898  0.80260380209014315
  0.81190067801672150  0.82105766733788677  0.82997190417456301  0.83881169406083933
  0.84715235826984803  0.85516154526802535  0.86475676888698849  0.87432044725956815
  0.88553933762624315  0.89678485702090116  0.90767590606042492  0.91834259476865188
  0.92894583741865500  0.93944184465056968  0.94957370572007704  0.95938108326517579
  0.96934673504636293  0.97949408109015690  0.98961916777061010  1.00000000000000000
   5.1895565124298536E-012  -1.0000000000000000     
 F F F F F F F F F F F F F F F F F F F F F F F F
  <DiscreteSampler_grid>
  grouped_processes
  1 # 1 for a reference and 2 for a running grid.
  10 # Attribute 'min_bin_probing_points' of the grid.
  1 # Attribute 'grid_mode' of the grid. 1=='default',2=='initialization'
  0.0000000000000000 # Attribute 'small_contrib_threshold' of the grid.
  0.5000000000000000 # Attribute 'damping_power' of the grid.
 # binID   n_entries weight   weight_sqr   abs_weight
    10   10   4.223240753976840E-001   1.371665763094359E+000   4.223240753976840E-001
  </DiscreteSampler_grid>
