  0.00002348713629614  0.00002512056836491  0.00002626581167992  0.00002739413642693
  0.00002851874461937  0.00002969861506190  0.00003087116600240  0.00003225123655869
  0.00003393298850521  0.00003639661190155  0.00003954336598561  0.00004260346049350
  0.00004554195343270  0.00004865038617696  0.00005191223936940  0.00005529390531123
  0.00005882330491386  0.00006237296499985  0.00006613480562195  0.00006984117341508
  0.00007366777668329  0.00007756778005864  0.00008164949842232  0.00008594860684871
  0.00009053989652424  0.00009617893983093  0.00010350028694251  0.00011080844198320
  0.00011832763265904  0.00012610700988024  0.00013410793415797  0.00014213300977945
  0.00015021962465340  0.00015819037677598  0.00016598704486482  0.00017411239164640
  0.00018205627824347  0.00018988146702195  0.00019817762514791  0.00020725038058026
  0.00021702044289653  0.00022790822551031  0.00024034360331982  0.00025301602732124
  0.00026629049890665  0.00028123343001227  0.00029791948484660  0.00031570190523491
  0.00033425704262578  0.00035203183795178  0.00037030420301210  0.00038932927902176
  0.00040869699263273  0.00042903887492827  0.00045191596899599  0.00047839276308899
  0.00050652384163712  0.00053540559211531  0.00056534828164503  0.00059714320556344
  0.00063218842241538  0.00067171788516780  0.00071926938728798  0.00077442652783449
  0.00083517490138985  0.00090473291686587  0.00098215354365112  0.00105398943577988
  0.00112330452873759  0.00119802995789783  0.00127909875929227  0.00137703797973366
  0.00150496095210105  0.00165598367443479  0.00183266957925191  0.00204102860175798
  0.00228662297744749  0.00256502170458548  0.00288051939656738  0.00324996066926422
  0.00367838752364156  0.00420570940435219  0.00485599108365971  0.00565144078881906
  0.00665527225784822  0.00798670951905748  0.00973914228442121  0.01205717579094495
  0.01513435858267900  0.01963843194934247  0.02632105558882272  0.03717274068186140
  0.05578875685407672  0.09105511904935373  0.19619144643489489  1.00000000000000000
  0.00000078392988603  0.00000296354482828  0.00000517076155530  0.00000748378528866
  0.00001018512235975  0.00001282189803661  0.00001544549240719  0.00001807925810457
  0.00002082100751126  0.00002382782665968  0.00002708212038728  0.00003047900472065
  0.00003428057438788  0.00003830836612851  0.00004255156888179  0.00004700251701406
  0.00005155272137609  0.00005652831748022  0.00006183180745338  0.00006752983991298
  0.00007360479130267  0.00007982890379754  0.00008581827058996  0.00009251857686850
  0.00009993422549205  0.00010891856667410  0.00011809921274233  0.00012725337295056
  0.00013680517778108  0.00014695436567698  0.00015801143633996  0.00016966081131327
  0.00018103648008845  0.00019273694755514  0.00020491851742274  0.00021750867472966
  0.00023052044908819  0.00024441652390278  0.00025923503016706  0.00027567789665732
  0.00029415758955635  0.00031513268256960  0.00033807489921488  0.00036195723573534
  0.00038792590832824  0.00041492694918574  0.00043935615930937  0.00046458671409834
  0.00049148894377950  0.00052177414672112  0.00055298767130876  0.00059814020609717
  0.00064668339845320  0.00070106394327263  0.00075874070839344  0.00081902277488182
  0.00088111970573678  0.00094489479974936  0.00101420355139252  0.00108121368218030
  0.00115750399409545  0.00123987769198343  0.00133185225850746  0.00143804562708912
  0.00156392707215413  0.00171317164367616  0.00187904138532394  0.00206425318140697
  0.00227161893730666  0.00249330149642079  0.00273677858385797  0.00301476493377012
  0.00333266838696943  0.00369684540166073  0.00410483614161784  0.00459991590714887
  0.00515357723564045  0.00577396742374262  0.00644865452699194  0.00721453960144918
  0.00811425785182778  0.00922752169513522  0.01060229638322704  0.01229927347470910
  0.01436585034322512  0.01691360690532309  0.02022360481910427  0.02439071264137347
  0.03006147732984474  0.03836654636376516  0.05043953573772137  0.06990050065241457
  0.10998281956093493  0.20534050801900006  0.87451049597759600  1.00000000000000000
 -0.00175939609885736  0.00789096290831484  0.01642595455203238  0.02519607791816101
  0.03334105121444443  0.04129746256455184  0.04944197966547628  0.05758521610368285
  0.06581316303662889  0.07421801798102422  0.08361930305778144  0.09607393634528591
  0.10886415585424430  0.12092485065134563  0.13203701769528700  0.14309566625499673
  0.15336391613187905  0.16360956570829610  0.17411789841424963  0.18470990451400643
  0.19547236511619207  0.20606224863788658  0.21719874766462555  0.22819522657767594
  0.23917470666311202  0.24999151113038545  0.26076028518739192  0.27185503303371011
  0.28330391321456611  0.29486010395774342  0.30632203853412004  0.31804320254318258
  0.33015897325116067  0.34214893208229269  0.35371167783235125  0.36506244418653933
  0.37644473240748233  0.38630579143241878  0.39670713773489580  0.40729319563614885
  0.41768064678220590  0.42736344548600547  0.43683037051068757  0.44667053923903888
  0.45677662852370349  0.46700937457992814  0.47706298266172836  0.48713063295883730
  0.49727056530713915  0.50823982187290118  0.52007450563203139  0.53180259571272692
  0.54314666301409165  0.55399782816426091  0.56470730772235445  0.57482463189320943
  0.58532523034754413  0.59604472268594955  0.60664608660260622  0.61712847244996238
  0.62802726539470244  0.63969981494152184  0.65080516823974155  0.66123337306107188
  0.67184784859055080  0.68290468343209321  0.69347668601073864  0.70358960730618669
  0.71427875648140515  0.72517934889306901  0.73552285875241441  0.74570622492023042
  0.75635518952075753  0.76800856102964266  0.77902052504692809  0.78984680554190101
  0.80044692829052244  0.81091427170052033  0.82153224043459350  0.83230875523406389
  0.84185714663825573  0.85099829793560344  0.86003266386748600  0.86874893590084190
  0.87731842320203257  0.88593274100710284  0.89493761467187349  0.90557190827610634
  0.91718362706174639  0.92974713150850119  0.94193100495446980  0.95356822566978550
  0.96518940000776698  0.97696825793000730  0.98866266044158457  1.00000000000000000
 -0.00047938790836155  0.00418364573255278  0.00474776708864467  0.00511410833153202
  0.00542806863977597  0.00565311385550619  0.00587345656121643  0.00608668765627670
  0.00630044519440357  0.00651517333974407  0.00673045069879208  0.00694648265640907
  0.00717015220340174  0.00739875374417412  0.00762770691446643  0.00785789698783677
  0.00809245831042647  0.00833143321686383  0.00857376638559509  0.00884579044525698
  0.00912198122228586  0.00940266772832379  0.00969267787222091  0.00998665165531711
  0.01028454496000970  0.01058761560134887  0.01091012269522364  0.01124444392056961
  0.01158599906162168  0.01193957300370012  0.01230085832196487  0.01266942555591424
  0.01304579568495284  0.01346382297304080  0.01388471274124211  0.01431432652395839
  0.01475608134684262  0.01521001439483531  0.01569359649653883  0.01619270541706839
  0.01670512027468608  0.01723229184693325  0.01777503706861691  0.01832788085827745
  0.01889789549704405  0.01948126995505015  0.02007875310293758  0.02073149959065963
  0.02144018661340559  0.02219804594641222  0.02299698737347463  0.02380979247701348
  0.02464239665784693  0.02551734325998239  0.02643177572838385  0.02737213590966495
  0.02834077999528470  0.02933988973184118  0.03038661619561517  0.03147686340146007
  0.03262352032856612  0.03380417090004616  0.03502745978132048  0.03630094534143342
  0.03762799609536140  0.03900413364435398  0.04038961333821366  0.04199809542316962
  0.04409310172149834  0.04634827684572809  0.04870950573229568  0.05115405119065058
  0.05374246570688732  0.05647852383429102  0.05936611852340434  0.06249758350700875
  0.06663714880694729  0.07112759859308425  0.07585726391410404  0.08080299369685591
  0.08671742139448255  0.09389402736926757  0.10164982057200396  0.11064446425971887
  0.12096249989086572  0.13312267582176238  0.14740805117605649  0.16450565836453268
  0.18509629886531270  0.21018421887111935  0.24200961357389744  0.28389331350315905
  0.34261491251792120  0.43453086614260561  0.59919000201550388  1.00000000000000000
 -0.00306875283377848  0.01011234188625445  0.02184934082573705  0.03301316217825576
  0.04387620980111354  0.05449895830055468  0.06502563318389047  0.07570993655161348
  0.08667296897542731  0.09773128134502311  0.10864807652475482  0.11955680732664123
  0.13000135954269842  0.14013493139050745  0.15015981032348028  0.16010782994067274
  0.16955033643194095  0.17841579984811787  0.18748130765638238  0.19747041885997568
  0.20740557673703533  0.21757228484515673  0.22803445599184594  0.23926301662338062
  0.25108290781288922  0.26191366979196351  0.27212486868297669  0.28190416366569060
  0.29157197928560641  0.30003333371664542  0.30845485585987570  0.31700916353072900
  0.32525286826333294  0.33348904292582948  0.34198688780220476  0.35031846084502066
  0.36024203964882490  0.37080642041853662  0.38124525516170099  0.39182347735349182
  0.40279797108924920  0.41459882679084387  0.42751139440692798  0.44014032118917074
  0.45246865357583360  0.46483627235747838  0.47726299028839897  0.48951523155825910
  0.50134081924023455  0.51381917533668486  0.52655386408695548  0.54014454582660554
  0.55408059231344642  0.56727231754892493  0.57963237840205895  0.59124742290725685
  0.60289176711273829  0.61458016181371478  0.62599685180232489  0.63762919535053453
  0.64864185641980510  0.66030100680608828  0.67122730529209063  0.68172109399409375
  0.69257906636828970  0.70384790809582654  0.71521110822908440  0.72600757508528635
  0.73681294020223032  0.74780132191083748  0.75864969874112220  0.76929168872259313
  0.77938207341684629  0.78928749842354962  0.79919538121102318  0.80933276363181084
  0.81952184493367330  0.82943652650312716  0.83943357218576120  0.84963916972436326
  0.86015201508592987  0.87076663181466718  0.88045663591557843  0.88888929602662337
  0.89738267754588497  0.90534667568295646  0.91304576324692188  0.92068721520660834
  0.92850257344059772  0.93679543742158755  0.94614956933127781  0.95592382440958656
  0.96590165674378425  0.97667519660376934  0.98805700527833218  1.00000000000000000
   5.3025843550232630E-012  -1.0000000000000000     
 F F F F F F F F F F F F F F F F F F F F F F F F
  <DiscreteSampler_grid>
  grouped_processes
  1 # 1 for a reference and 2 for a running grid.
  10 # Attribute 'min_bin_probing_points' of the grid.
  1 # Attribute 'grid_mode' of the grid. 1=='default',2=='initialization'
  0.0000000000000000 # Attribute 'small_contrib_threshold' of the grid.
  0.5000000000000000 # Attribute 'damping_power' of the grid.
 # binID   n_entries weight   weight_sqr   abs_weight
    10   10   9.142566477819287E-001   7.267312120835454E+000   9.142566477819287E-001
  </DiscreteSampler_grid>
