  0.00007992004882325  0.00009020438888611  0.00009737093286226  0.00010335871921018
  0.00010884635691551  0.00011411577732811  0.00011924614197541  0.00012432920422926
  0.00012937495785712  0.00013465976869446  0.00014043293969598  0.00014635346801762
  0.00015241919379725  0.00015895340926923  0.00016574994628044  0.00017177855615184
  0.00017808865399948  0.00018477741067080  0.00019141582258345  0.00019820346736304
  0.00020518228898558  0.00021229584346968  0.00021942060839296  0.00022717848008713
  0.00023534476202861  0.00024366610903268  0.00025240920560914  0.00026180666285033
  0.00027118809449754  0.00028170955123380  0.00029337189078873  0.00030466608015387
  0.00031579546771711  0.00032712159439425  0.00033939137059992  0.00035243333176914
  0.00036624914403922  0.00038075767141834  0.00039587984884974  0.00041224581025193
  0.00043033070681637  0.00044937039901504  0.00046920951938245  0.00048967810624060
  0.00050900526220891  0.00052691586879865  0.00054556581210996  0.00056554588582115
  0.00058696301874164  0.00060951520197045  0.00063370421348197  0.00065741340693286
  0.00068476078797838  0.00071919332266589  0.00075693307479565  0.00079788862114624
  0.00084083814482134  0.00088514314052869  0.00093242590331988  0.00098588831524706
  0.00104396169784854  0.00110614169859405  0.00118419404526904  0.00126549745703761
  0.00134925380182001  0.00144677514136606  0.00155386344994659  0.00166647899575499
  0.00180792113366596  0.00194808355882554  0.00209806058616512  0.00226633465141525
  0.00245588683990174  0.00268719400702879  0.00294179266803058  0.00322203561487178
  0.00354734461943480  0.00394655132487321  0.00441379835967427  0.00492839243846722
  0.00551670025507333  0.00624914099169007  0.00720890181403181  0.00837415942414908
  0.00979087219069247  0.01159216195731995  0.01386339141654156  0.01683612629086603
  0.02082335391575460  0.02642428798471303  0.03451694754170832  0.04740784432926798
  0.06778947219735090  0.10698717395672155  0.21304100504288212  1.00000000000000000
  0.00000219346627607  0.00000524957798320  0.00000726855757497  0.00000910937694868
  0.00001111797198853  0.00001318603952358  0.00001532733268528  0.00001749147169307
  0.00001976171872363  0.00002222645247920  0.00002475077687748  0.00002735469001268
  0.00003022187700772  0.00003337725132664  0.00003698474538310  0.00004118886694136
  0.00004551496976704  0.00005008915343564  0.00005496672271690  0.00005962978826467
  0.00006503342610282  0.00007145318892650  0.00007819691208559  0.00008536639406556
  0.00009332942509995  0.00010187030471978  0.00011099780073285  0.00012065154247015
  0.00013030498876583  0.00014024792113979  0.00015022285723605  0.00016053348967701
  0.00017156370289717  0.00018385228593565  0.00019697071991681  0.00021194332008811
  0.00022767275175684  0.00024384479458409  0.00026065519496826  0.00027837580269327
  0.00029726068602619  0.00031696711614644  0.00033675570917664  0.00035683695421843
  0.00037833076394216  0.00040270320468850  0.00043214394695287  0.00046622056571950
  0.00050412810723159  0.00054592500199298  0.00059032454978720  0.00063495758863329
  0.00067897740364225  0.00072598935131161  0.00077637476855163  0.00083206068450921
  0.00089550075035261  0.00096562439783813  0.00104274753950738  0.00112765815113887
  0.00122362222344209  0.00133227930820624  0.00145288241480981  0.00157842972884709
  0.00171269932843650  0.00185870559517029  0.00201207451644378  0.00218022901711503
  0.00235838862089833  0.00255261936248551  0.00278501148066602  0.00305989869187237
  0.00335575296519547  0.00369009771089740  0.00407554340088508  0.00453734166993157
  0.00501751936147878  0.00553377176078659  0.00611611787426945  0.00683449450487550
  0.00770624229966460  0.00872050850776224  0.00989213052091263  0.01128167257160193
  0.01298694823619014  0.01522089167709479  0.01823912808402482  0.02190064823164755
  0.02654452868131117  0.03277528185343610  0.04156016484763254  0.05444049661547702
  0.07784590392201943  0.12100072150769667  0.24492737157327149  1.00000000000000000
 -0.00248860616383315  0.00963470366995059  0.02015994180204880  0.02936163525026489
  0.03940057854803634  0.04914944447584209  0.05911119023890565  0.06902580559919561
  0.07882308812601718  0.08878466534808294  0.09911326931253306  0.10994050132997552
  0.12107582301094531  0.13230394077237650  0.14332784540648238  0.15404763782202530
  0.16453439871498515  0.17479644310917539  0.18499217110252364  0.19512013481568158
  0.20494754778991769  0.21480816507010739  0.22472949655369462  0.23493499004700985
  0.24540360997526914  0.25648282137003020  0.26799868517371467  0.27962477874554004
  0.29138867892943593  0.30275136046742462  0.31345609347687953  0.32422444351069196
  0.33444588877564707  0.34518143404559881  0.35637841300733780  0.36746754164625278
  0.37883788554977665  0.38973606919828230  0.40080260268696949  0.41201007966463632
  0.42374301928132785  0.43606285608539175  0.44857629930998727  0.46075627797145352
  0.47269078573049178  0.48408035739440053  0.49492252162930950  0.50538206312536793
  0.51579585981778553  0.52667369638818551  0.53742858578975294  0.54626016935978106
  0.55411373685156884  0.56253616019148978  0.57050051554276882  0.57836509857900809
  0.58599877558088964  0.59369013864184816  0.60162860944319441  0.61106511937227126
  0.62161589135472362  0.63246170039348737  0.64341033951762483  0.65446653734758431
  0.66542311010859778  0.67631179879202286  0.68718580060300127  0.69800445745805351
  0.70916090112823404  0.72056732076419439  0.73153059024838551  0.74202093599826524
  0.75275425315929323  0.76407146572806672  0.77535337586021003  0.78616521094078062
  0.79702010376572263  0.80797486815008668  0.81880087545546276  0.82949006719595053
  0.84052425561466493  0.85204293230043615  0.86298952860529943  0.87413998405420190
  0.88452017435965269  0.89522100448575970  0.90540942787245993  0.91542928511674637
  0.92574171017105777  0.93635728292337483  0.94737040020356189  0.95898533268902930
  0.96888184399320221  0.97946262486344793  0.98955024469553676  1.00000000000000000
 -0.00062581364614002  0.00406534787968090  0.00455792744703112  0.00493448368229902
  0.00525518673311253  0.00551527584246945  0.00573987287802428  0.00596121935301922
  0.00618114566544428  0.00640762804274941  0.00663437369338255  0.00685671411629855
  0.00708610055374872  0.00732391724230671  0.00756884095511296  0.00781627583405624
  0.00806636995120094  0.00831772030582682  0.00856923182101443  0.00882298844876299
  0.00910758521450262  0.00939491082468133  0.00968750940375951  0.00999411747895347
  0.01032450151369249  0.01066080590587111  0.01100223005697330  0.01137902725841279
  0.01175940383257607  0.01215289117495695  0.01256404873724767  0.01298505018414748
  0.01342573823261010  0.01387890182104079  0.01434073916678264  0.01480760571081593
  0.01528388531500192  0.01577683102460554  0.01628249962700360  0.01680164435124277
  0.01733831736590141  0.01789005676374882  0.01846346673519423  0.01906365786461386
  0.01967817230172375  0.02030018474557279  0.02096352693125940  0.02169247848432353
  0.02246675061134099  0.02326371684016796  0.02408971203792077  0.02494142061030472
  0.02584183976020642  0.02677415967135916  0.02773424213795412  0.02872539369168316
  0.02974414281601084  0.03079470277740392  0.03188342386231374  0.03301918491145878
  0.03420029846746885  0.03543282147131295  0.03671695568223182  0.03805592677627159
  0.03943339991129237  0.04080829507234506  0.04251019556943454  0.04451526118813920
  0.04665586538525977  0.04888019730543931  0.05123568158901780  0.05371828866731999
  0.05634116654781627  0.05909463077366699  0.06183207438231559  0.06565863773715223
  0.06986820285705438  0.07437284593416529  0.07915559126186929  0.08451088455024586
  0.09098580541384431  0.09797997658928588  0.10585031618066629  0.11529145584463743
  0.12592298140778785  0.13841936738918156  0.15309671899799462  0.17040556464191059
  0.19158593503669846  0.21709612407586201  0.24874988702320089  0.29031474975600241
  0.34817703233133818  0.43812810966729820  0.59917612161105094  1.00000000000000000
 -0.00246377114634443  0.00904371184675458  0.01859504437361247  0.02887248121679661
  0.03951460838932794  0.04968345643555282  0.05981203146139143  0.06944607975772156
  0.07944175885290040  0.08976955285513877  0.10004257421020858  0.11029458976838359
  0.12047045425980460  0.13046744687474202  0.14068495754111893  0.15106171481429634
  0.16161267942845300  0.17248836071929655  0.18313179316893821  0.19390712255824818
  0.20471758626253067  0.21483811305532338  0.22520083629711202  0.23538724694419491
  0.24649216508199645  0.25776873579648241  0.26899653818287028  0.27972005473150724
  0.29029897958234602  0.30168942335108312  0.31347012580225819  0.32508774740153773
  0.33677737341973202  0.34875450361530491  0.36111063132143928  0.37318324702336964
  0.38436420603363131  0.39521313144717479  0.40596232278336747  0.41690057106275036
  0.42709593369530874  0.43709817573437543  0.44752430744962496  0.45832125678389235
  0.46972318314967570  0.48142256308166398  0.49311500323643331  0.50499873216417834
  0.51727253276116647  0.52879769297329271  0.53973605019598969  0.55047392496661474
  0.56159453503874368  0.57254439195022599  0.58295617839513336  0.59239420972284129
  0.60116376385670678  0.60964336009987963  0.61777059727400940  0.62607721064913491
  0.63518104469964798  0.64392074756916584  0.65663403946984322  0.66920528081801534
  0.68082422148255684  0.69239283436879573  0.70383106203708257  0.71441250055286543
  0.72456334633652553  0.73477547908248797  0.74529756212789455  0.75533965387092084
  0.76486399294627316  0.77473050252623199  0.78482402655320882  0.79473418145134200
  0.80415602168592359  0.81362413889865193  0.82373173311635983  0.83396813884619103
  0.84411112013535106  0.85371544071889627  0.86288618531201866  0.87202923366674201
  0.88158546205068622  0.89112741273776952  0.90092761002766353  0.91078049093017222
  0.92131359063598228  0.93227565278696023  0.94334716575320787  0.95459113583044908
  0.96592267121140385  0.97720699960621094  0.98858818148943395  1.00000000000000000
   4.7840892575885457E-012  -1.0000000000000000     
 F F F F F F F F F F F F F F F F F F F F F F F F
  <DiscreteSampler_grid>
  grouped_processes
  1 # 1 for a reference and 2 for a running grid.
  10 # Attribute 'min_bin_probing_points' of the grid.
  1 # Attribute 'grid_mode' of the grid. 1=='default',2=='initialization'
  0.0000000000000000 # Attribute 'small_contrib_threshold' of the grid.
  0.5000000000000000 # Attribute 'damping_power' of the grid.
 # binID   n_entries weight   weight_sqr   abs_weight
    10   10   2.574947808373937E-001   3.002676807552264E-001   2.574947808373937E-001
  </DiscreteSampler_grid>
