  0.00000408792043951  0.00000521361171090  0.00000613893226648  0.00000708901039874
  0.00000802608206691  0.00000902277086026  0.00001013668280991  0.00001141777846593
  0.00001280146074244  0.00001417942718539  0.00001563381239692  0.00001722006452977
  0.00001892613131813  0.00002062075587100  0.00002264004789493  0.00002502722178315
  0.00002744384081042  0.00003032005053133  0.00003332744059648  0.00003670528810219
  0.00004060329945127  0.00004471018802635  0.00004903189488512  0.00005345190945448
  0.00005795861615683  0.00006288890060657  0.00006808416235681  0.00007350155495142
  0.00007926637832262  0.00008519289696064  0.00009146570802709  0.00009771621402580
  0.00010389998647430  0.00011007392717159  0.00011677152053296  0.00012356459408212
  0.00013068647686992  0.00013812054339520  0.00014586035655573  0.00015378219899730
  0.00016152390849810  0.00016929108015527  0.00017741044512604  0.00018558509721904
  0.00019315460297462  0.00020114509361408  0.00021077626048359  0.00022244707391770
  0.00023460079462504  0.00024692165808431  0.00025981224266120  0.00027328577822718
  0.00028821589326307  0.00030484288324114  0.00032383707402291  0.00034537138421430
  0.00037002851383680  0.00039724857024796  0.00042556020605107  0.00045463789773619
  0.00048463975369186  0.00051821694409505  0.00055284244854368  0.00059995411963067
  0.00064720971907302  0.00069772978817947  0.00075353119920396  0.00081485324896447
  0.00088055771441749  0.00095271158629674  0.00103274674856979  0.00112698005687639
  0.00124318024699657  0.00136963604967102  0.00151366965953178  0.00167242887551864
  0.00186133985730953  0.00207967276598520  0.00234904386651042  0.00268996298160201
  0.00311381558029655  0.00361408624851857  0.00420492571014196  0.00495777728019060
  0.00592364562140825  0.00712357080835537  0.00870287685420698  0.01081938515879187
  0.01363216897436425  0.01786426019405075  0.02440510258552267  0.03441439628024177
  0.05297960549082080  0.08720566159723753  0.19182248657789402  1.00000000000000000
  0.00000300047580908  0.00000774767475575  0.00001110716468663  0.00001381812573392
  0.00001671556417509  0.00001988296717015  0.00002325427938956  0.00002670412883766
  0.00003023703172877  0.00003435854380969  0.00003867218602109  0.00004321775329224
  0.00004840436468466  0.00005376516673725  0.00005936402168154  0.00006508492754173
  0.00007082960112720  0.00007667241144153  0.00008278928183026  0.00008915809840384
  0.00009585366188090  0.00010308313819030  0.00011052339940485  0.00011840331372902
  0.00012716579767442  0.00013637480897055  0.00014582449379342  0.00015613350867359
  0.00016692904841525  0.00017810924417656  0.00019043004596482  0.00020347618390961
  0.00021720058006432  0.00023175590288057  0.00024706414077373  0.00026279986391556
  0.00028005288645809  0.00029774198575814  0.00031355525135117  0.00032802673617037
  0.00034346025948376  0.00036114545044532  0.00038057327334434  0.00039939950163414
  0.00042386870429216  0.00044969061415995  0.00047285981850151  0.00049609225101398
  0.00052263222864157  0.00055030159117565  0.00057988014076411  0.00061043156879885
  0.00065395023386080  0.00070091724098004  0.00074971765202756  0.00080103177573841
  0.00085382978109546  0.00090818334544977  0.00096698169595801  0.00103199934667094
  0.00110673974275200  0.00119883604736897  0.00130744129365281  0.00142534061305934
  0.00154955899552263  0.00167971747026795  0.00182265926021735  0.00198361273986408
  0.00216976386553196  0.00238637223428790  0.00263254513052241  0.00290363267115348
  0.00318444301255001  0.00348678469009999  0.00381462163055194  0.00419770844204533
  0.00468118918479493  0.00526286551354919  0.00592763393340050  0.00667894242289873
  0.00749065478264721  0.00839225731078661  0.00949381185651001  0.01088959667876059
  0.01251160844867652  0.01446910350406545  0.01706561765568107  0.02053459942295314
  0.02487639676267789  0.03074273743652461  0.03895972460758927  0.05160305241276829
  0.07146659527798589  0.11251988356925327  0.21676778769212499  1.00000000000000000
 -0.00286575096985007  0.01056714714023903  0.02194759157014197  0.03191641274213463
  0.04250775407446742  0.05357671947862246  0.06516501545614981  0.07655011414857944
  0.08822695395069940  0.10031613832179213  0.11141662635772938  0.12213571687192207
  0.13292546920188886  0.14395751557135206  0.15488233896766521  0.16564713663483413
  0.17728883225890629  0.18912093855854434  0.20091677787775236  0.21258000592835183
  0.22397315987960731  0.23393727006672607  0.24195647442619983  0.25047198792593239
  0.25924887423023057  0.26816554602997467  0.27679992427127648  0.28501322536724893
  0.29415380441128391  0.30558983216461244  0.31759026023178616  0.32954255957880696
  0.33973527635694190  0.34895500609845687  0.35811214933062641  0.36769671509595947
  0.37749143734121565  0.38657724372931473  0.39569673968865587  0.40511617635545710
  0.41480486354254026  0.42418577791331791  0.43348811811352145  0.44278792529930483
  0.45238812183194571  0.46278289029253106  0.47354741768276604  0.48382695092180394
  0.49412416132478321  0.50503209608461797  0.51739208366173073  0.52973902220244473
  0.54086714728788821  0.55054288463830514  0.55969234618074126  0.56971283922813365
  0.58028203559067615  0.59004560416915119  0.59891881219796927  0.60846931093396528
  0.61935650734491243  0.62970578744065830  0.63930142029911763  0.64875636959619865
  0.65779404549488929  0.66650023297108585  0.67533288300617933  0.68387766743714273
  0.69480294055146707  0.70655032923780303  0.71790869602733154  0.72909827968928143
  0.73994388721972559  0.75153230687561812  0.76263117950561865  0.77460792184886751
  0.78727947969198331  0.79981432356311299  0.81173946297861299  0.82328024615187578
  0.83477809989980978  0.84634253578298146  0.85831248397136095  0.87014092089488437
  0.88139518919089488  0.89177240149868209  0.90198285193039829  0.91230963756320127
  0.92296801634820069  0.93357615434860830  0.94399163024783783  0.95454717497152086
  0.96538653353640114  0.97686823984468529  0.98849625314042200  1.00000000000000000
 -0.00052385171233812  0.00432251268455779  0.00478568723952180  0.00509817975291173
  0.00535674973055985  0.00557053886201012  0.00578344733955850  0.00599494128196244
  0.00619464917410592  0.00638693474514421  0.00658565397215982  0.00678510546332945
  0.00698439501602408  0.00718133641230278  0.00737655474413584  0.00757655324093512
  0.00777942471956186  0.00798793554721329  0.00821099766244619  0.00844003171059652
  0.00867231330435477  0.00890575137238133  0.00914424785885485  0.00939950904254203
  0.00965908100596630  0.00992831057790381  0.01021578525009813  0.01052087342902253
  0.01083033642800331  0.01114481088731676  0.01148163454196932  0.01182414901726988
  0.01217726001447614  0.01254440017420104  0.01291479342869344  0.01331348338154345
  0.01372070375873164  0.01413984748711038  0.01459511608792024  0.01505840645580314
  0.01554073096235634  0.01603729397893643  0.01654310983331285  0.01705993492055732
  0.01759962638610627  0.01814937716292070  0.01872181881300061  0.01931761757771118
  0.01993601108184983  0.02058075458539665  0.02128910365935315  0.02206398319450597
  0.02287836316600898  0.02371821406254609  0.02458305367111874  0.02547549640303886
  0.02640820682961257  0.02738178794421754  0.02839302335022561  0.02942623600913215
  0.03048524420034771  0.03159119193070785  0.03276621680828511  0.03398124596530105
  0.03521270915196271  0.03647882802761871  0.03781392980836016  0.03920495037019887
  0.04060508446989335  0.04233331925696965  0.04463087391196920  0.04723578186528619
  0.04995808475030223  0.05283748085181878  0.05587235457790654  0.05908476279225476
  0.06259956036535548  0.06701749530787386  0.07188688102509813  0.07715327416550836
  0.08276782190466719  0.09005972382899947  0.09808834290652448  0.10730338373653826
  0.11827861351590706  0.13076722846316297  0.14531714154081268  0.16255430853196554
  0.18334501153742319  0.20868453778069551  0.24158239651114738  0.28419193423331551
  0.34314188792937017  0.43619907227178900  0.59885909018406758  1.00000000000000000
 -0.00343359339339702  0.01094672442083647  0.02235469747360778  0.03277415730012842
  0.04204958474003705  0.05023981570332038  0.05816871477218691  0.06632586897676948
  0.07502895449313284  0.08445483057302787  0.09445949781955054  0.10459057565216405
  0.11467215702476921  0.12496560270255654  0.13514657798985605  0.14511475424873299
  0.15520210486802402  0.16517292780733750  0.17518939825340638  0.18507729444147494
  0.19594114034482651  0.20796446619117806  0.21988181624174968  0.23253751350304433
  0.24488608353147523  0.25832558460167038  0.27155732591717890  0.28331327529872796
  0.29484352620717463  0.30618195531331627  0.31729172138866507  0.32832638916106982
  0.33996153350108477  0.35167217153356084  0.36436107393551359  0.37682148723436137
  0.38934475675744235  0.40216501822084078  0.41458243239000314  0.42664043734924578
  0.43812241591550916  0.44879897009123987  0.45927766153816457  0.46995453421037858
  0.47966985807182927  0.48771731559093057  0.49630595577100295  0.50517894179805511
  0.51397075680590543  0.52229505165142509  0.53012787215622348  0.53762122768459508
  0.54745031485558071  0.56122085052186632  0.57383605905361634  0.58660331127376109
  0.59991080134491159  0.61343063016097521  0.62628570178621801  0.63788197660319312
  0.64922868068945727  0.66000405435720355  0.67047843473921420  0.68127590268997240
  0.69163509045528926  0.70277656233995378  0.71356788019297412  0.72467616322471951
  0.73466214900471494  0.74384080977107858  0.75274428616119182  0.76142162006207836
  0.76996865534436632  0.77907752893689963  0.78828506846280100  0.79803956951979793
  0.80823842778136190  0.81842790536172194  0.82875625753108662  0.83896648690996922
  0.84875954054433234  0.85886892345136012  0.86922649571769084  0.87903164262110545
  0.88838190269413198  0.89847850216388792  0.90894855222773197  0.91874760688495249
  0.92811909789081304  0.93776237043180344  0.94801129676681295  0.95867478583414778
  0.96892616515301411  0.97948795566612457  0.98981826400292394  1.00000000000000000
   5.3153536502876218E-012  -1.0000000000000000     
 F F F F F F F F F F F F F F F F F F F F F F F F
  <DiscreteSampler_grid>
  grouped_processes
  1 # 1 for a reference and 2 for a running grid.
  10 # Attribute 'min_bin_probing_points' of the grid.
  1 # Attribute 'grid_mode' of the grid. 1=='default',2=='initialization'
  0.0000000000000000 # Attribute 'small_contrib_threshold' of the grid.
  0.5000000000000000 # Attribute 'damping_power' of the grid.
 # binID   n_entries weight   weight_sqr   abs_weight
    10   10   1.142964212599521E+001   6.506602243028035E+002   1.142964212599521E+001
  </DiscreteSampler_grid>
