  0.00008428191502668  0.00009232015260288  0.00009797875874528  0.00010245250166089
  0.00010598666512260  0.00011005190894011  0.00011424085307952  0.00011848924343080
  0.00012371324470691  0.00012898231658366  0.00013388874208456  0.00013871234205570
  0.00014371931463486  0.00014938965930128  0.00015591809441267  0.00016226063677272
  0.00016872205430137  0.00017499573271853  0.00018170837725055  0.00018816261987828
  0.00019449448088324  0.00020114294726548  0.00020842258378327  0.00021638886176277
  0.00022477964734121  0.00023338296852588  0.00024224313546924  0.00025121616319816
  0.00026084853195357  0.00027118066562776  0.00028206629229921  0.00029351457349959
  0.00030515005230599  0.00031642289340262  0.00032787192258466  0.00034121972186965
  0.00035527821829745  0.00037020798417529  0.00038566888431986  0.00040026509615680
  0.00041641121213718  0.00043381118683194  0.00045118945638003  0.00046962175483488
  0.00049009371566438  0.00051323891944280  0.00053875555289229  0.00056474718628119
  0.00058967370278012  0.00061510256466102  0.00064540558707091  0.00067839396839517
  0.00071333370532769  0.00074843231427126  0.00078247465463151  0.00081677873772080
  0.00085532157052362  0.00089452137646886  0.00093732472608044  0.00098090292295513
  0.00103485489789209  0.00109642308945670  0.00116337953566472  0.00123621091682716
  0.00131279362836011  0.00139611961310877  0.00148792061137824  0.00158704325950524
  0.00169843283497311  0.00183071674007418  0.00197625309351908  0.00214050308888064
  0.00232778846579780  0.00255668647896167  0.00281640355299762  0.00311668496841228
  0.00344192448957061  0.00380656143279825  0.00423867673299733  0.00474390088521916
  0.00534707201017677  0.00607431744461489  0.00694995998125288  0.00804193367717057
  0.00938248068617240  0.01102998539260179  0.01319371504052957  0.01615006221450253
  0.02002498153946642  0.02563145187167058  0.03337888927741105  0.04664589224667115
  0.06758346427939911  0.10689921724719731  0.21467179386311011  1.00000000000000000
  0.00000116135460025  0.00000298152955432  0.00000490710024330  0.00000692437879581
  0.00000902434592543  0.00001178976644399  0.00001468744350486  0.00001758532033693
  0.00002110859099311  0.00002474801701639  0.00002855801429204  0.00003269138780355
  0.00003705144811649  0.00004174814450399  0.00004683036217461  0.00005216743862236
  0.00005773766996180  0.00006335679140616  0.00006893664040686  0.00007465029483336
  0.00008068412286431  0.00008694327765688  0.00009354630524460  0.00010310910054747
  0.00011271936896700  0.00012263588268708  0.00013276883857291  0.00014377951186254
  0.00015568834554804  0.00016785779922060  0.00017995727603558  0.00019230067385280
  0.00020499106068981  0.00021796483364058  0.00023230849671627  0.00024846466556488
  0.00026592439807599  0.00028501020338023  0.00030507581618190  0.00032478621620203
  0.00034585490841198  0.00036898265822879  0.00039272687117457  0.00041972939516651
  0.00045117259445545  0.00048508765709812  0.00052148214167083  0.00056052084805471
  0.00060138454509028  0.00064409685757958  0.00069202918246301  0.00074661574761586
  0.00080464402333869  0.00085890826150408  0.00091220369833243  0.00097033911129054
  0.00103355296524476  0.00109560554180861  0.00118058140183884  0.00127859207283793
  0.00139141680810491  0.00151980318263971  0.00164649055642381  0.00178016722800594
  0.00192436909070960  0.00208519077808034  0.00226689798165502  0.00246787659036072
  0.00269096769381064  0.00293941151838051  0.00321959444275504  0.00353375450774259
  0.00389080361389755  0.00429000932417006  0.00473045353689454  0.00525374352305282
  0.00585875501593973  0.00653945086786116  0.00727218255702160  0.00810579692377860
  0.00911440784728560  0.01035147986743767  0.01177445516436516  0.01366800743509915
  0.01603908457303554  0.01896813820972279  0.02258434671043948  0.02739014852068573
  0.03384133270867139  0.04319890300868674  0.05611769501656520  0.07606461841036677
  0.11686061900877283  0.21868985374906130  0.84736693085669190  1.00000000000000000
 -0.00239715574005243  0.00896749471936590  0.01940182378152827  0.03037615457397715
  0.04156960920218990  0.05205234798582978  0.06240311208746907  0.07304740828127769
  0.08423334402949849  0.09584151730753751  0.10755123697765445  0.11941795766768619
  0.13055611984447718  0.14145105002342107  0.15207866110526658  0.16245774868002949
  0.17222182856518525  0.18155782526207775  0.19079059947644705  0.19979599877372961
  0.20935952532610852  0.21923440775576214  0.22977673654802666  0.24042095991983384
  0.25133112121289808  0.26249458902976208  0.27377818275973770  0.28504114002192860
  0.29611155585479337  0.30722905189877170  0.31809788716725146  0.32933551357231389
  0.34042291703813576  0.35109948229010768  0.36043587500842417  0.36937984174606159
  0.37871897165582419  0.38819948029011309  0.39751029972265450  0.40703714175446698
  0.41636331434804769  0.42790668098005857  0.43904415441360994  0.44996426050127486
  0.46079651497736646  0.47241901415020565  0.48350667581624995  0.49432929232839817
  0.50610535376438037  0.51810218102657435  0.53045353397350203  0.54234941138241111
  0.55398474321113178  0.56553144865723304  0.57675763368991650  0.58782602182312116
  0.59881195816195931  0.60950667517783252  0.62009685907047840  0.63048179179293440
  0.64085365605026201  0.65119163516070311  0.66148773876474121  0.67202237637864759
  0.68274629016614419  0.69386491641829384  0.70531987961896270  0.71573325445279123
  0.72512658820976283  0.73476071990073388  0.74442033985008249  0.75377113093387438
  0.76303833358100848  0.77347261455724814  0.78593338561812598  0.79834786993589502
  0.80910778244856540  0.81988663410018325  0.83034956931905413  0.83987982676713313
  0.84868473969473146  0.85740431280169827  0.86581063457355389  0.87393321054574702
  0.88227101879991232  0.89047719072077069  0.89996355731798550  0.91113894477046431
  0.92252135380453548  0.93352665078349761  0.94425977607204048  0.95451235428215719
  0.96482026381383046  0.97557068676681280  0.98724176769394378  1.00000000000000000
 -0.00059418664596344  0.00428966730073964  0.00474541926366822  0.00508910777523301
  0.00540155126797864  0.00566206249922708  0.00591927041833760  0.00616842189762330
  0.00642380188995950  0.00668444915362500  0.00693799450814657  0.00719008338317327
  0.00744082352431019  0.00769538849871858  0.00795269356807922  0.00821394612326703
  0.00847946285091920  0.00875104437960972  0.00903096691769472  0.00931826066203307
  0.00961536957009320  0.00991338676328426  0.01022686196759644  0.01055878149448420
  0.01090125726413985  0.01125396373923005  0.01161698357140541  0.01199239338079971
  0.01237733024155762  0.01277538432033122  0.01318698396540034  0.01360514712847675
  0.01404531567547370  0.01450123703588332  0.01497531723587745  0.01548298118892584
  0.01599902002563866  0.01652326067662394  0.01705704079977311  0.01760075918495599
  0.01815402524777248  0.01872555404574126  0.01931215039117010  0.01990826395147957
  0.02055030616756541  0.02123439557564541  0.02196173133222695  0.02274311325757935
  0.02353736173813509  0.02434485532477097  0.02517963716993053  0.02603768543507231
  0.02692025597505224  0.02783343169835900  0.02878348623817967  0.02977047088643347
  0.03079328345739448  0.03185495392559780  0.03294924108700310  0.03407418141953788
  0.03524102820453960  0.03645581684575890  0.03771748106370020  0.03904454052374364
  0.04038482700982664  0.04194877344258188  0.04385994879461454  0.04599970014785834
  0.04821954060774205  0.05055412711927439  0.05301012089315193  0.05559703535738936
  0.05832535279669638  0.06108735006706333  0.06442261374034225  0.06831833586404937
  0.07248342872585892  0.07702604349736472  0.08192725008202106  0.08766287027602739
  0.09410487194777764  0.10116216769011975  0.10931534703089489  0.11864414828643857
  0.12904962434166964  0.14106425841531575  0.15539763879221707  0.17243425345337704
  0.19295880878612326  0.21828347626984779  0.24985131581704156  0.29055770248202029
  0.34775214139805277  0.43694119801074088  0.59933124563227136  1.00000000000000000
 -0.00169580603263371  0.00711004420051460  0.01431077239779935  0.02184337076146508
  0.03001187654261918  0.03848518971164429  0.04711783917605196  0.05536700973426254
  0.06447499168983942  0.07540782703579874  0.08611085239670119  0.09603159580806904
  0.10566180328211008  0.11553635633445407  0.12600665518289400  0.13530314954139835
  0.14466775820064595  0.15349107760561392  0.16273318537314538  0.17270380309988273
  0.18293830709940326  0.19345725162338293  0.20433119746951475  0.21546027031559498
  0.22612882710489637  0.23660103088474713  0.24716916391208826  0.25838580982167592
  0.26994333167515699  0.28217913283968077  0.29464456340751027  0.30693144833153296
  0.31927355926693646  0.33108175881569651  0.34257150676795878  0.35385557126492728
  0.36549717439949853  0.37764748507987400  0.38998505368010827  0.40272618453626668
  0.41568591246970032  0.42882486766355005  0.44200034811362837  0.45471987579819595
  0.46716066974724219  0.47954576442206909  0.49228705984706989  0.50475845558796339
  0.51686875018588274  0.52940835827308208  0.54189813130663689  0.55308519262824318
  0.56362461132283237  0.57488527787442967  0.58638202539648265  0.59810009934506703
  0.60945328252736763  0.62047491967959623  0.63154635217220811  0.64266878741500189
  0.65373795186384387  0.66468692548985564  0.67548217573025748  0.68578561709376007
  0.69597203470181090  0.70662955107783054  0.71790148164529566  0.72905559306207079
  0.74030000430775067  0.75165628733392631  0.76308246598211193  0.77416165073487941
  0.78448736968181487  0.79492918443525085  0.80526040434275059  0.81597445948442082
  0.82697560034491835  0.83787705310738170  0.84879812666853793  0.85977767290278850
  0.87057855421736952  0.88067818984297108  0.89062701462123517  0.89974365647555010
  0.90820704741233782  0.91650500811092495  0.92477147490597333  0.93317552731254239
  0.94168743940078703  0.95054634570338836  0.95938149177446774  0.96748193847331898
  0.97541727159254243  0.98348345988225960  0.99180797698707923  1.00000000000000000
   4.7237961091710862E-012  -1.0000000000000000     
 F F F F F F F F F F F F F F F F F F F F F F F F
  <DiscreteSampler_grid>
  grouped_processes
  1 # 1 for a reference and 2 for a running grid.
  10 # Attribute 'min_bin_probing_points' of the grid.
  1 # Attribute 'grid_mode' of the grid. 1=='default',2=='initialization'
  0.0000000000000000 # Attribute 'small_contrib_threshold' of the grid.
  0.5000000000000000 # Attribute 'damping_power' of the grid.
 # binID   n_entries weight   weight_sqr   abs_weight
    10   10   1.430972326683065E-001   1.170594525252839E-001   1.430972326683065E-001
  </DiscreteSampler_grid>
