  0.00001375347916320  0.00001460092704128  0.00001529431279098  0.00001598511889864
  0.00001759470519446  0.00001956063022603  0.00002147351489833  0.00002359356645616
  0.00002593112336828  0.00002844771609579  0.00003105713664962  0.00003388422504245
  0.00003691327447893  0.00004017037377709  0.00004383543597007  0.00004765606750763
  0.00005163428891767  0.00005589277651503  0.00006017194022369  0.00006456176649210
  0.00006906339851033  0.00007369123244592  0.00007846176003122  0.00008338488992006
  0.00008884541527564  0.00009460148232866  0.00010031363425128  0.00010613955268352
  0.00011214483818927  0.00011845587930378  0.00012533110575624  0.00013289727243242
  0.00014126071418932  0.00014990513470593  0.00015838622006036  0.00016745051695734
  0.00017720970056925  0.00018737508108695  0.00019791474390989  0.00020948821557352
  0.00022261344742227  0.00023561958128267  0.00024890791796751  0.00026291129598283
  0.00027667748416437  0.00028572311655987  0.00029632049184687  0.00030780863281405
  0.00032013841030704  0.00033254271874809  0.00034529471088452  0.00035774889707135
  0.00036912040371702  0.00038790029537932  0.00040810088240784  0.00043067873747864
  0.00045590404802922  0.00048241587046423  0.00051178225879818  0.00054374567946043
  0.00057917903153321  0.00061778382455039  0.00065682774059422  0.00070030451114039
  0.00074830076066826  0.00079930900405857  0.00085455126846442  0.00091347623924425
  0.00097696476052710  0.00104890299625754  0.00113235371027427  0.00123145596095922
  0.00134723640858476  0.00147844374455358  0.00162339818849158  0.00178188807190593
  0.00195975162918727  0.00216725606327678  0.00242420548380208  0.00274477051038287
  0.00312854306678162  0.00360671966263311  0.00417655697012663  0.00488288521967050
  0.00576833868181941  0.00690694574735569  0.00838551933168100  0.01036891905726359
  0.01323924013199323  0.01725104998225378  0.02331750747867189  0.03369196881976383
  0.05115199223484343  0.08586636559501638  0.18234729084227896  1.00000000000000000
  0.00000111976025251  0.00000279695610511  0.00000440410832325  0.00000665055596598
  0.00000901728197837  0.00001137265331807  0.00001370294807718  0.00001606865399110
  0.00001873066878533  0.00002157859339339  0.00002445413012409  0.00002740497291587
  0.00003063016285645  0.00003409902889594  0.00003789490781014  0.00004210870434520
  0.00004637656650452  0.00005078576424309  0.00005547866989569  0.00006014539564686
  0.00006569719758310  0.00007293490014942  0.00008192450929835  0.00009082336407719
  0.00009999255271198  0.00010918299679195  0.00011818868349374  0.00012697678768042
  0.00013591250514991  0.00014533380732146  0.00015557724498208  0.00016654583647250
  0.00017795754896516  0.00018949088336459  0.00020120475649132  0.00021365426014448
  0.00022722416043658  0.00024188963346743  0.00025783072830645  0.00027531058221481
  0.00029449855174378  0.00031394947338977  0.00033071921861870  0.00034959788399923
  0.00036965452494666  0.00038973540788216  0.00041204692868027  0.00043848640460275
  0.00046870653291507  0.00049831666721325  0.00053212090381261  0.00056867209673317
  0.00060842368376036  0.00064883916482729  0.00069012918664300  0.00073842238286811
  0.00078733713890060  0.00084258548249308  0.00091099682604410  0.00098299142470838
  0.00105522135104255  0.00113181947545911  0.00121792627398896  0.00130773580476094
  0.00141196577281776  0.00153696847331678  0.00167407194487426  0.00182391431529687
  0.00199659365586266  0.00218019522017453  0.00238033223319374  0.00260132080348056
  0.00285474476184774  0.00315563152253035  0.00348711470392480  0.00386468205762487
  0.00429642503804170  0.00483026593266628  0.00543421450124328  0.00615487967779164
  0.00699114074868590  0.00796084448769635  0.00909100988282936  0.01042568600990204
  0.01204583982313450  0.01404626161547361  0.01667082603694766  0.02026020599375523
  0.02504751310479880  0.03126073633080353  0.04018858563147602  0.05428907721959841
  0.07799762928942751  0.12169116474822614  0.27338746508153405  1.00000000000000000
 -0.00268756928043040  0.00969362950083015  0.02015186379329658  0.03011395489448388
  0.04041699372990790  0.05141020019450007  0.06241484505978470  0.07313981258153961
  0.08375279747643266  0.09496225624597573  0.10670108408027303  0.11863646481424059
  0.13044891836625278  0.14194451153560134  0.15344804587357680  0.16513194788306867
  0.17662013429301029  0.18783454432258831  0.19943193528112119  0.21097915893429078
  0.22190226929331733  0.23244971568066941  0.24337383943598426  0.25444478982922730
  0.26529437362375247  0.27636866298302132  0.28761552341026403  0.29944020379117425
  0.31103752113128719  0.32120030664176269  0.33072146885279241  0.34021444969099635
  0.35000072671139509  0.35995051683313084  0.36980375274606181  0.38050619473480796
  0.39195073450288881  0.40279144017507057  0.41352338420586776  0.42507287491887513
  0.43722535741696228  0.44927987800877944  0.46162989238577801  0.47414737804013890
  0.48643024981571370  0.49816304577695297  0.50844250528700929  0.51844418958747907
  0.52885022341447496  0.53902305858922561  0.54876451513838176  0.55862907415516649
  0.56964188954713613  0.58127718276856521  0.59078975558818070  0.59944672736056015
  0.60826296076449049  0.61691902295649226  0.62527695269330541  0.63354373263846586
  0.64189744431566786  0.65148938914793830  0.66305775381012455  0.67516044271552333
  0.68746290831527290  0.70018482787967162  0.71311444026956694  0.72563963588310898
  0.73622257865630103  0.74569468568089603  0.75495536293350785  0.76436407541920848
  0.77365705498900639  0.78323127485389277  0.79322585543354729  0.80385386453961560
  0.81476643643240376  0.82592306938775228  0.83725750319070280  0.84835645954418726
  0.85943153837709030  0.87023366688086479  0.88032289429885191  0.88993393852766356
  0.89912582875155422  0.90795793974858963  0.91681389989193851  0.92590925153257353
  0.93512266719400527  0.94473732734648519  0.95457183675764001  0.96412747698514845
  0.97376900694756985  0.98304470896739093  0.99170942070012724  1.00000000000000000
 -0.00012294087693416  0.00413011870243272  0.00462205978192897  0.00495991079421918
  0.00521871696196212  0.00543299204561918  0.00563544161699167  0.00583482092241560
  0.00604074614909040  0.00624816838140067  0.00645008028609916  0.00665474777754853
  0.00686854996905949  0.00708500331501653  0.00730340810342599  0.00752840116395964
  0.00775549669138847  0.00798601329467122  0.00823090565071373  0.00848309041150709
  0.00874626834834582  0.00901336471980474  0.00928596453785924  0.00957992383031560
  0.00987762775041306  0.01018034499166022  0.01049425688497011  0.01081444019404926
  0.01113928781244297  0.01146911860612161  0.01181031851736397  0.01216175173947603
  0.01252691419079210  0.01290710131299527  0.01329452489573622  0.01369618183767276
  0.01410951520659779  0.01453595514623246  0.01497721259569513  0.01543298532549083
  0.01589767725865012  0.01638402864566572  0.01689033687070139  0.01742128368849782
  0.01798027968088536  0.01855899832924350  0.01915848120895677  0.01977254418056764
  0.02041108517607167  0.02110330414322998  0.02186388667589953  0.02266787876384128
  0.02349297513038952  0.02434855234456038  0.02524322815214304  0.02616633800523096
  0.02711754922503829  0.02810521992163097  0.02913107996214053  0.03019608915356396
  0.03130049634516116  0.03244596874563680  0.03363170432923746  0.03486032109928235
  0.03614123798289250  0.03748627854800021  0.03889408374105145  0.04032783721278151
  0.04193388456930755  0.04397010460899806  0.04630024965813857  0.04870730326686899
  0.05126104436477003  0.05394654418656041  0.05679900999393468  0.05980873300034325
  0.06325698373634046  0.06783042891955378  0.07278990199187967  0.07810368686373549
  0.08390753896809200  0.09110366266721495  0.09880282674435556  0.10761816937384346
  0.11816756699586826  0.13029545061990330  0.14479307986508244  0.16175232118163632
  0.18271967149918725  0.20815040999984824  0.24041350246833595  0.28225559591420657
  0.34044766814747640  0.43342540350034470  0.59936445446411668  1.00000000000000000
 -0.00263734654056454  0.00968372303454562  0.02039522803906050  0.03166295009902270
  0.04276402018532276  0.05378375544269002  0.06379686809856519  0.07199128627641971
  0.07984728210278227  0.08777735841998255  0.09563590259761635  0.10358287403168299
  0.11107422735850263  0.11861924730784566  0.12658982810517178  0.13593555676274485
  0.14512270315931536  0.15422617113311909  0.16319113183684852  0.17280757425709881
  0.18333567355356895  0.19380258945866910  0.20455270924834015  0.21495412784009238
  0.22450099298925072  0.23337868803923412  0.24184099857982566  0.25052142157782986
  0.25956450469000136  0.26911503607336912  0.27911339759287701  0.28936664344400526
  0.29978701435927313  0.31066745844692784  0.32221920374433066  0.33437413511397424
  0.34686598580874811  0.35964732450245890  0.37262834258225608  0.38558842769301488
  0.39796952609961206  0.40924980756888057  0.42085200842749826  0.43272368774574277
  0.44430881026297420  0.45535765023009700  0.46698902443819534  0.47909075488590530
  0.49107862621302983  0.50337248382296051  0.51641898443877787  0.52997124922770822
  0.54313504524872502  0.55601338198153316  0.56821264650968051  0.57953050019550967
  0.59086829598731827  0.60226401449526845  0.61410192371632943  0.62692468129560286
  0.64113777757894463  0.65577708606823182  0.66879641432791459  0.67974377251512297
  0.68944437259215541  0.69876319727131886  0.70806739886521097  0.71730134551362401
  0.72628461356280916  0.73529680436336498  0.74452744753819566  0.75419526642758661
  0.76483366194942048  0.77624496101851992  0.78805139947481195  0.79945753773533501
  0.81018934914127161  0.82100034199463723  0.83186337783164077  0.84259583382829739
  0.85323266000664255  0.86405501150151243  0.87494062042603282  0.88572921941873950
  0.89617474289805099  0.90594498504988474  0.91508800343533669  0.92426254528291130
  0.93364374476280965  0.94358050074431321  0.95391115451985653  0.96384126696286188
  0.97294359782747919  0.98212083754326585  0.99070691261832267  1.00000000000000000
   5.3064907383562317E-012  -1.0000000000000000     
 F F F F F F F F F F F F F F F F F F F F F F F F
  <DiscreteSampler_grid>
  grouped_processes
  1 # 1 for a reference and 2 for a running grid.
  10 # Attribute 'min_bin_probing_points' of the grid.
  1 # Attribute 'grid_mode' of the grid. 1=='default',2=='initialization'
  0.0000000000000000 # Attribute 'small_contrib_threshold' of the grid.
  0.5000000000000000 # Attribute 'damping_power' of the grid.
 # binID   n_entries weight   weight_sqr   abs_weight
    10   10   1.055962423296051E+003   1.113517722432286E+007   1.055962423296051E+003
  </DiscreteSampler_grid>
