  0.00001096190232514  0.00001166233933740  0.00001221774146286  0.00001311052982760
  0.00001425377060183  0.00001549608579618  0.00001681137356636  0.00001819025841530
  0.00001961738959892  0.00002107937414015  0.00002274017421096  0.00002457221171726
  0.00002664228250948  0.00002884909702150  0.00003108291113299  0.00003361968365788
  0.00003640651733239  0.00003936494183193  0.00004251164034469  0.00004590423805062
  0.00004962276735280  0.00005318702556013  0.00005673070051488  0.00006016914447093
  0.00006476550059515  0.00007036130050278  0.00007658450324543  0.00008441255342892
  0.00009175483060803  0.00009880034696615  0.00010577132898632  0.00011269227361202
  0.00011977729203494  0.00012798674506581  0.00013622481662406  0.00014433215189746
  0.00015164726073611  0.00015946219361607  0.00016679889058322  0.00017321855745294
  0.00017941958360689  0.00018560945557859  0.00019181065799338  0.00019803914567053
  0.00020445491446886  0.00021180722880859  0.00021926090341117  0.00022879932367231
  0.00024239726040594  0.00025755133139257  0.00027394164492148  0.00029183466252985
  0.00031109955658490  0.00033165895501433  0.00035336630793354  0.00037607521114530
  0.00040182503495042  0.00042888455704073  0.00045965752397660  0.00049306701632829
  0.00052913196062395  0.00056830793238019  0.00061132066131628  0.00065556400607760
  0.00070102626907347  0.00075120840649840  0.00080752699440691  0.00087369476114411
  0.00094751572996045  0.00102502735730122  0.00110827255368570  0.00120245888916275
  0.00131437950763613  0.00145384632933555  0.00162581347466387  0.00182639078127234
  0.00204737880993783  0.00229303968134599  0.00257940727831939  0.00292124492076630
  0.00331988702066616  0.00382431219104461  0.00445888889493391  0.00519641649417736
  0.00611745919321886  0.00729935669669311  0.00885738616357357  0.01097668676242292
  0.01399412733131110  0.01838366630969337  0.02512241594660649  0.03564006981298454
  0.05439489149399331  0.08894349082717659  0.18962524415972529  1.00000000000000000
  0.00000156494121878  0.00000224851608259  0.00000370664787031  0.00000600869130615
  0.00000811259941689  0.00001015118593898  0.00001218074522504  0.00001427480990859
  0.00001655529286264  0.00001903909276256  0.00002170675759524  0.00002457257787856
  0.00002772538398469  0.00003114912492658  0.00003480432482813  0.00003859925082483
  0.00004241651209319  0.00004619117973245  0.00005005343080531  0.00005417620236036
  0.00005856863240931  0.00006329144740407  0.00007058111052244  0.00007955043390141
  0.00008842509835420  0.00009733840710728  0.00010622523238554  0.00011558207385005
  0.00012551020788493  0.00013579904900003  0.00014613823241321  0.00015609314959394
  0.00016662208507503  0.00017837617699445  0.00019041915724403  0.00020310988534157
  0.00021685950233430  0.00023124563487445  0.00024701163414998  0.00026376021703429
  0.00028122937717320  0.00029992996087217  0.00031977886115429  0.00034099561515599
  0.00036544610053448  0.00039302022724404  0.00041647197256852  0.00043671321379503
  0.00045825022264949  0.00048253374821822  0.00050777757085733  0.00053363565142249
  0.00056437413172217  0.00060598553569906  0.00065419571989157  0.00070582028078599
  0.00076270825457139  0.00082571625871324  0.00089444771728611  0.00096930869299677
  0.00104649805777450  0.00112588326454091  0.00120963861058199  0.00129901578960464
  0.00139803704558768  0.00151572730589778  0.00164843819838047  0.00178827818561283
  0.00194414373777978  0.00212381891912328  0.00233415643615122  0.00257467433905427
  0.00282774591335776  0.00310433286814317  0.00341754600374827  0.00377751653581511
  0.00419834829855154  0.00467823317596262  0.00525081200753335  0.00593679111102086
  0.00674324938713716  0.00768911599341488  0.00877906439883000  0.01008315219359503
  0.01169650131920587  0.01368469312533769  0.01620075911753040  0.01951631586672116
  0.02390961060022830  0.03010061677920901  0.03863042029573284  0.05239719282272380
  0.07582974906746778  0.11878824623670722  0.26496765099743219  1.00000000000000000
 -0.00315218520316786  0.01163962621368668  0.02225842803213480  0.02920895417493785
  0.03641545124028347  0.04365716713093820  0.05086853701125030  0.05799453657560265
  0.06517290364772257  0.07253916940433887  0.07914559590672277  0.08806032892339996
  0.09988828552355267  0.11124789187633671  0.12209901523971829  0.13286175057667965
  0.14362846135153817  0.15417479094700517  0.16416808863826210  0.17381270738011015
  0.18334042391570779  0.19323525282625673  0.20353949880285893  0.21374399644790126
  0.22402154238437205  0.23464027445347158  0.24555734729296827  0.25612692525676517
  0.26703605326760477  0.27830221161608926  0.28993739714567623  0.30194718353520267
  0.31400713069554137  0.32615005744340225  0.33820357854472233  0.34947824766789903
  0.36078675601684451  0.37195843688733238  0.38330334884252376  0.39471786005227061
  0.40637299830680373  0.41840734620657544  0.43042066572384585  0.44228548286795777
  0.45370368205376449  0.46297195863103924  0.47076428442914087  0.47872782299658223
  0.48712082919680078  0.49563015219693107  0.50395267284115475  0.51226577394985462
  0.51965269566319217  0.53131532852631047  0.54304908906518901  0.55503661265262949
  0.56709981137182008  0.57945563830180369  0.59189104609540499  0.60408119108767278
  0.61591365695735356  0.62735294349028381  0.63851013172843407  0.64983866036073989
  0.66113721478409326  0.67209793404050577  0.68299471978140303  0.69414603384406870
  0.70514438721362016  0.71553363147942872  0.72565115615352860  0.73646386835422728
  0.74774556809121862  0.75871738646839648  0.76958669670007507  0.78077407135113275
  0.79168975059631341  0.80177372894873655  0.81213073097461941  0.82282924878638197
  0.83425171296967104  0.84606094052800018  0.85830231110720356  0.87072952066402565
  0.88288562771989842  0.89445454898357357  0.90599820532696562  0.91747855369739117
  0.92913769375530519  0.93985312488903106  0.94958637508831778  0.95957235765067006
  0.97013908035012431  0.98077573618754432  0.99048448050374183  1.00000000000000000
  0.00000629875138968  0.00386852334181500  0.00456388807619053  0.00495063310092430
  0.00523147185202663  0.00548955775913983  0.00573983922223575  0.00592985232026234
  0.00612026708477762  0.00631220737204130  0.00650704302308337  0.00670571142559977
  0.00691206682499135  0.00712218772950156  0.00734341520368835  0.00756618038136888
  0.00779058905512406  0.00802176564227725  0.00825398009442818  0.00848694416032668
  0.00874300108625146  0.00900721687729122  0.00927918340305365  0.00955392583643785
  0.00983240388258327  0.01011732985772130  0.01041177426025677  0.01071742349141522
  0.01103638966197042  0.01136222107633210  0.01170238388331810  0.01204961979375872
  0.01239943466576510  0.01276903124024281  0.01314618810377408  0.01353197335294160
  0.01392634301500449  0.01432641406453987  0.01474977524919652  0.01518041166297223
  0.01563362104220440  0.01610625477808868  0.01659856866874370  0.01712050090483999
  0.01765464243912518  0.01820399156697717  0.01878096474931690  0.01936887993186464
  0.01996685521548740  0.02060463328729664  0.02129324848286667  0.02203166559137043
  0.02281248158439077  0.02362962300840387  0.02448184968827097  0.02536249226994194
  0.02627376292078968  0.02721292744616759  0.02817192412463952  0.02915320609500969
  0.03017607972386793  0.03124548965489050  0.03237120851456879  0.03354224500822939
  0.03475582107489594  0.03600120200283996  0.03727165194623065  0.03858830523613763
  0.03995604834717623  0.04137852727197467  0.04336626733637524  0.04587878574507220
  0.04844096848270023  0.05120817002135205  0.05416874313813504  0.05735201860360375
  0.06076130221055306  0.06488694776223000  0.06980198482187330  0.07509972223134612
  0.08082255129654856  0.08766446461783797  0.09560958652855601  0.10442199020268941
  0.11515801240286684  0.12730595087415381  0.14155110312708880  0.15850064110744522
  0.17948733760958138  0.20508339740398027  0.23803959523785892  0.28112262050518866
  0.33975992445635911  0.43285529890043867  0.59900758462829795  1.00000000000000000
 -0.00285976070854914  0.00933602147856521  0.02018157137962318  0.03076130005796741
  0.04152843392172022  0.05249346731540502  0.06332477173564617  0.07383102992371941
  0.08412666200476389  0.09429009992193509  0.10438471298841498  0.11474964779015941
  0.12553048588363153  0.13653186979023146  0.14792313588636374  0.15912482823767948
  0.17023801302089514  0.18152373720728193  0.19356457247474868  0.20624408395456598
  0.21805326392418212  0.22888947846333907  0.23941205691862008  0.24995123825979390
  0.26090671125703307  0.27206118806845764  0.28284974997724305  0.29311450184679755
  0.30324952080521428  0.31385798703793499  0.32495414514871529  0.33728556442625929
  0.35024869929117652  0.36227836048526840  0.37407741131062772  0.38673739385044364
  0.40034064297337901  0.41356571395190289  0.42625279598100568  0.43831650472660155
  0.44676438207922414  0.45573078778626597  0.46424924901343528  0.47247944184231810
  0.48076273309010376  0.48921903968455693  0.49775358218382609  0.50995703533005377
  0.52327910587056170  0.53112464385405067  0.53894956206590894  0.54688723886857016
  0.55501912778409634  0.56286651504708163  0.57017525373666222  0.57730950625666133
  0.58528664436609568  0.59569081947251257  0.60635087800126153  0.61828483043061311
  0.62962733315474917  0.63982819087300824  0.65065469912751728  0.66204159525192108
  0.67307138201301597  0.68346256037912401  0.69437281197294731  0.70588494683693692
  0.71730857078530996  0.72837749513357108  0.74029527058790823  0.75216630800586604
  0.76412033256014744  0.77585992118375313  0.78766006630652463  0.79946056514487274
  0.81116501742955549  0.82260387159955473  0.83386964046017498  0.84498876476595430
  0.85546821176000287  0.86510450237926895  0.87444956433688725  0.88385040552493799
  0.89355464733443424  0.90320352224908607  0.91275573477623850  0.92232342846171744
  0.93214543623076651  0.94168150052640964  0.95102778721498027  0.96041275499360201
  0.97008009439563081  0.97991981891117774  0.98992389808661063  1.00000000000000000
   5.4453321388703541E-012  -1.0000000000000000     
 F F F F F F F F F F F F F F F F F F F F F F F F
  <DiscreteSampler_grid>
  grouped_processes
  1 # 1 for a reference and 2 for a running grid.
  10 # Attribute 'min_bin_probing_points' of the grid.
  1 # Attribute 'grid_mode' of the grid. 1=='default',2=='initialization'
  0.0000000000000000 # Attribute 'small_contrib_threshold' of the grid.
  0.5000000000000000 # Attribute 'damping_power' of the grid.
 # binID   n_entries weight   weight_sqr   abs_weight
    10   10   2.005230869164466E-001   1.925565137995371E-001   2.005230869164466E-001
  </DiscreteSampler_grid>
