  0.00003230438399390  0.00003728128261380  0.00004109011440265  0.00004456621102765
  0.00004814584777558  0.00005188588581616  0.00005581187742904  0.00006025281190332
  0.00006401647291835  0.00006760047080943  0.00007121368171219  0.00007478799220907
  0.00007855726951387  0.00008243053472709  0.00008630679071850  0.00009022354752469
  0.00009426032226549  0.00009825265570915  0.00010244595042602  0.00010683454257827
  0.00011141134527601  0.00011596717116998  0.00012055989315748  0.00012534580486836
  0.00013027732880518  0.00013557056829021  0.00013986804059691  0.00014600679155436
  0.00015377302679085  0.00016364031455163  0.00017397284578481  0.00018411376553818
  0.00019418800766288  0.00020484198505454  0.00021702788185287  0.00022881552940022
  0.00024060176496293  0.00025318944485165  0.00026633075286645  0.00027967070934431
  0.00029284070311349  0.00030569096287334  0.00031852822145932  0.00033162430099419
  0.00034540491384458  0.00036063227148846  0.00037806547522569  0.00039725357912873
  0.00041669460501849  0.00043897110100780  0.00046322605465968  0.00048999117349762
  0.00051479166431085  0.00053845215546652  0.00056429843873927  0.00059260367555740
  0.00062218223644894  0.00065156041743611  0.00068434350025970  0.00072432968087310
  0.00076753340447480  0.00081411272888040  0.00086631875972989  0.00092214152213119
  0.00098189136700610  0.00104571666042345  0.00111454745774443  0.00120002223408508
  0.00131016099766541  0.00141993755065407  0.00153627452944845  0.00166629947041217
  0.00181623999435789  0.00199491008142751  0.00220583513680255  0.00243675297215157
  0.00268196923593550  0.00294838038031565  0.00326487221312123  0.00365492623351749
  0.00413165517113477  0.00470053613494672  0.00539479673882884  0.00626601170777456
  0.00733493815702799  0.00868007505843519  0.01049123320893295  0.01282062776592542
  0.01611737601934618  0.02073380666037409  0.02784693704694338  0.03943831366277672
  0.05837842978262577  0.09505668286596856  0.18961078986298319  1.00000000000000000
  0.00000138668408388  0.00000289108619841  0.00000416372885324  0.00000605746915727
  0.00000825670484285  0.00001058537917141  0.00001309928127129  0.00001572570690360
  0.00001852027557598  0.00002156075613384  0.00002486394491167  0.00002829849694445
  0.00003182325907924  0.00003544087593403  0.00003934181920163  0.00004343714785753
  0.00004760973860004  0.00005214581427908  0.00005701467724784  0.00006210728702232
  0.00006767713038475  0.00007400045572574  0.00008034976174022  0.00008672287012170
  0.00009328505036977  0.00010008956115342  0.00010706061318524  0.00011405301079569
  0.00012121989081213  0.00012856637898544  0.00013595773583981  0.00014493722214039
  0.00015654953226173  0.00016949497624764  0.00018295359432713  0.00019684035052626
  0.00021038770422501  0.00022376532704708  0.00023778973868734  0.00025213834039137
  0.00026720585551398  0.00028417790110329  0.00030329064034831  0.00032372338332826
  0.00034545185841093  0.00036873713774361  0.00039398841454204  0.00042485346668077
  0.00045675279990838  0.00048554254315622  0.00051680621120700  0.00055128516935206
  0.00058558435945835  0.00062495447800079  0.00067429033307270  0.00072842489825344
  0.00078518173154252  0.00084459571548582  0.00090319883337984  0.00097213183394507
  0.00104574735449522  0.00113086664811970  0.00122963649495980  0.00133892107338785
  0.00145894773346677  0.00159782135551542  0.00175205045832938  0.00191861767921783
  0.00209110903001022  0.00227809894378462  0.00249501930820345  0.00276068992494041
  0.00307573082045277  0.00341328564277019  0.00378278049476941  0.00421198090025434
  0.00470654017673851  0.00523988900965245  0.00583204523067829  0.00653631582266654
  0.00736089702595873  0.00832915488273538  0.00954689173745608  0.01105654332053581
  0.01282726462414156  0.01502584418658479  0.01776826037403362  0.02130291599254250
  0.02605526325101927  0.03214371286955660  0.04062844493568839  0.05438839578997814
  0.07873329630107721  0.12538594777849776  0.28314044517424392  1.00000000000000000
 -0.00244294239261532  0.00890684713312119  0.01933391580538565  0.03012577204101107
  0.04130201262745690  0.05297007389247490  0.06380573018680141  0.07348119059927233
  0.08311668684953004  0.09208185654551357  0.10062020168875425  0.10929371149517957
  0.11833136349203595  0.12779244744013252  0.13757760726653995  0.14804341109616614
  0.15963965113921863  0.17118879662476871  0.18196172534966082  0.19227524488142819
  0.20257542467750825  0.21314963958253832  0.22404486698334242  0.23542764318823389
  0.24730541142444373  0.25902780777397194  0.27037116736069289  0.28127500604098793
  0.29251398873503792  0.30335742138576594  0.31525165167861680  0.32658342575314886
  0.33780507814620342  0.34908015362318523  0.35982838233815528  0.37051641883289921
  0.38131036847230315  0.39255870692851697  0.40334376488353579  0.41384661845918763
  0.42430619609305176  0.43501620249091771  0.44601579213332487  0.45747958174229159
  0.46922250084937756  0.48072367994032000  0.49149325433294139  0.50200204293074557
  0.51265399247987653  0.52350847109802245  0.53464255160853091  0.54627781867896641
  0.55845837211812221  0.57057422844782812  0.58217969253205704  0.59351461385111937
  0.60483317416236526  0.61615168709750923  0.62627865055960830  0.63391837470316059
  0.64163367497951063  0.64931107129397814  0.65679775381317063  0.66432634489099718
  0.67151210707246389  0.67843867541955638  0.68540368001524099  0.69314421248236191
  0.70145943331240479  0.71035649652279287  0.72003449014005394  0.73028244373420792
  0.74067807010578313  0.75050322702156613  0.75956673781147566  0.76859784843950496
  0.77831979709270693  0.78778963081406328  0.79727464485961907  0.80655086269929610
  0.81619101749514411  0.82695483687738980  0.83909724606272862  0.85235739827702561
  0.86534640874388868  0.87834613525151817  0.89087262271814205  0.90284423700968208
  0.91487559998824419  0.92739023680083699  0.94022531409630250  0.95302067941131385
  0.96489444618971076  0.97614148450073490  0.98756640297927190  1.00000000000000000
 -0.00050290717690476  0.00358337771103611  0.00441367771595717  0.00481651600509310
  0.00512489832627489  0.00540474443064820  0.00566453105621898  0.00590332682681952
  0.00612876889723876  0.00633121369499946  0.00653430042473611  0.00673802424219192
  0.00695298920230095  0.00717545219746621  0.00740811656143840  0.00764469326595481
  0.00788560511067724  0.00813388012078419  0.00838835419992697  0.00864571921501889
  0.00890660817370348  0.00919436472182855  0.00949026485648710  0.00978889184434604
  0.01010820716143263  0.01043243497224950  0.01076113795339629  0.01110460130523867
  0.01145563720972461  0.01181371639296459  0.01217949530055964  0.01256056983506014
  0.01295173118363531  0.01335129411456931  0.01375838694252214  0.01417683460746421
  0.01460628355064358  0.01505474842571804  0.01551863925287919  0.01599744429363216
  0.01650134726620490  0.01701763486453232  0.01755093961183361  0.01810783551399023
  0.01868336873455664  0.01927298937337643  0.01987287842687002  0.02048163709326651
  0.02112203305309802  0.02187010697101969  0.02263351736374853  0.02341951949544214
  0.02422659942686854  0.02505914661256162  0.02591321187345045  0.02679242292497370
  0.02770715404077872  0.02865939904036854  0.02965771213997941  0.03070972253913735
  0.03180309832328831  0.03293369272242241  0.03408347577929589  0.03525629591330814
  0.03646865693090533  0.03773032229781446  0.03904026688173591  0.04038674632269569
  0.04192987764744496  0.04401660095382001  0.04637216047228400  0.04881895730839140
  0.05141959073080667  0.05415778123744128  0.05700311682352136  0.06000409995327444
  0.06346451562089449  0.06779120221013904  0.07258633957424925  0.07781568893312532
  0.08386793265312262  0.09100493334212344  0.09880134602375945  0.10778166216543773
  0.11847217544353104  0.13067552689316797  0.14494370426428665  0.16210147357110255
  0.18324017052254371  0.20889294898705701  0.24130067250241266  0.28314408580425870
  0.34206349106867107  0.43383045636378409  0.59893894296189698  1.00000000000000000
 -0.00229351464319545  0.00844750150308376  0.01780025935683595  0.02744741716253129
  0.03751840552130858  0.04713421038657828  0.05632177491329546  0.06546303722522298
  0.07469006713151165  0.08427859098750906  0.09423360981411787  0.10435322173361403
  0.11456617609510943  0.12460620992680710  0.13451523846958471  0.14453592163422094
  0.15471823968233872  0.16522777158235386  0.17631153516078102  0.18774340206806586
  0.19885177432027265  0.20952724670072434  0.21990963006078879  0.23024222484163007
  0.24070005581525775  0.25080886593391316  0.26090737269667269  0.27054017498295541
  0.27890140734761054  0.28688886481225068  0.29478042801741861  0.30276523058337240
  0.31093287115575630  0.31883631067476043  0.32634769825361420  0.33486985085822124
  0.34671760217648212  0.35793605471389073  0.36742389148840782  0.37685051273889680
  0.38715237303491640  0.39760406996777975  0.40801882449802185  0.41889868697776067
  0.43179457392265708  0.44509051911127356  0.45868680344166762  0.47186998812504427
  0.48629822758834262  0.50080163341327499  0.51476795051928848  0.52783105091061455
  0.54095685634953372  0.55417264369473174  0.56696708919269989  0.57944872323823471
  0.59219480752261711  0.60572883207258543  0.61938457335138464  0.63264639837120473
  0.64545637454741334  0.65753448113127377  0.66932493966300477  0.68084330871471421
  0.69206570420852176  0.70349986891826655  0.71512082580982494  0.72694905235489848
  0.73858555852320051  0.74960512178736871  0.76084284676549030  0.77154916551025576
  0.78121646040074255  0.79041500319016222  0.79996007908387057  0.81007079873057042
  0.82019567481932742  0.83019058866067752  0.84048111919917090  0.85079819920880606
  0.86054945835959817  0.87002327892615383  0.87945857962772567  0.88889456900291497
  0.89821435014799722  0.90658240761088482  0.91480924815805986  0.92305165537058498
  0.93130450974555867  0.94010352832374799  0.94909050217500823  0.95802833401687248
  0.96809134911934969  0.97878430713118336  0.98925077888024615  1.00000000000000000
   5.1073414195531093E-012  -1.0000000000000000     
 F F F F F F F F F F F F F F F F F F F F F F F F
  <DiscreteSampler_grid>
  grouped_processes
  1 # 1 for a reference and 2 for a running grid.
  10 # Attribute 'min_bin_probing_points' of the grid.
  1 # Attribute 'grid_mode' of the grid. 1=='default',2=='initialization'
  0.0000000000000000 # Attribute 'small_contrib_threshold' of the grid.
  0.5000000000000000 # Attribute 'damping_power' of the grid.
 # binID   n_entries weight   weight_sqr   abs_weight
    10   10   2.461905885418124E+002   5.612216067773225E+005   2.461905885418124E+002
  </DiscreteSampler_grid>
