  0.00004771146197364  0.00005192865395049  0.00005480640151989  0.00005760519413566
  0.00006064766909350  0.00006404883872269  0.00006779767999423  0.00007267779734543
  0.00007760105712606  0.00008247844543797  0.00008759164616225  0.00009296797961121
  0.00009813424329634  0.00010316587576676  0.00010825389791177  0.00011334863899076
  0.00011855117529463  0.00012445114155462  0.00013049481855986  0.00013655535185882
  0.00014269970485343  0.00014910426176197  0.00015595261549680  0.00016309058716169
  0.00017082911891338  0.00017871041706900  0.00018658282138110  0.00019403930449339
  0.00020203220289885  0.00021114213967599  0.00022057887094474  0.00022911034339877
  0.00023695042560928  0.00024452223476812  0.00025254272148341  0.00026105067466975
  0.00026988325507384  0.00027910308894428  0.00028851376559042  0.00029885514479567
  0.00031185753126248  0.00032822038781596  0.00034602558828159  0.00036314560093226
  0.00038014353889682  0.00039765045890600  0.00041536388803157  0.00043479782454529
  0.00045556396237705  0.00047719162576200  0.00050086355798067  0.00052646924130926
  0.00055337302113256  0.00058377501436772  0.00061986940711487  0.00065749735430299
  0.00069230267260693  0.00072463020574024  0.00075858199060350  0.00079484916270402
  0.00083330550998188  0.00087425350594857  0.00092433585274085  0.00098824141912640
  0.00105033347769284  0.00111263556506714  0.00118111582097880  0.00125436552531459
  0.00132944000690183  0.00141812831943349  0.00152128658016272  0.00164342847989441
  0.00181129390630961  0.00202183402207614  0.00223245735261752  0.00244611067488789
  0.00268267964098510  0.00295942298228410  0.00330553145687342  0.00372803573288184
  0.00422043277386408  0.00479125681565826  0.00547520516778721  0.00635598777899820
  0.00747806079042213  0.00885399858703321  0.01065945772385260  0.01309024030930574
  0.01627432157703809  0.02094409772574399  0.02809726715592036  0.03980285050478304
  0.05882052357377500  0.09486681320265355  0.18842472748366115  1.00000000000000000
  0.00000129976007564  0.00000332822482842  0.00000535257195636  0.00000735743171032
  0.00000932718623332  0.00001124765616280  0.00001315809006989  0.00001509094749994
  0.00001708690668789  0.00001921362861005  0.00002152757844929  0.00002396420932986
  0.00002646820142301  0.00002906294481663  0.00003185405301600  0.00003489469673731
  0.00003817586692837  0.00004163859959106  0.00004522645194332  0.00004888273097630
  0.00005274868244311  0.00005664072116978  0.00006065326705121  0.00006518711237580
  0.00007135742063801  0.00007873598886823  0.00008637895442989  0.00009397097904785
  0.00010299971048344  0.00011276034578458  0.00012346999893332  0.00013530664905443
  0.00014820281757904  0.00016099993152193  0.00017377880429101  0.00018639890941948
  0.00019735717499871  0.00020928508953231  0.00022200916323250  0.00023513008414740
  0.00024893270785030  0.00026632840114620  0.00028536514819016  0.00030559845460256
  0.00032893078431285  0.00035423783592499  0.00038347514233107  0.00041336717010999
  0.00044363250635654  0.00047529363271541  0.00050923143745729  0.00054655849912904
  0.00058740570941098  0.00063050791088195  0.00067493601546883  0.00072266087007549
  0.00077592346736066  0.00083271427064250  0.00089569065349485  0.00096604497940480
  0.00104300405725003  0.00112775147576990  0.00121762099765139  0.00131402554281649
  0.00142159266644767  0.00154486464866922  0.00169147865744151  0.00186122758386119
  0.00204381486154131  0.00223681711929461  0.00244330524952020  0.00266411369662277
  0.00291535902784815  0.00320812097675356  0.00355663994010657  0.00398385705839238
  0.00446376683619519  0.00499044894110882  0.00560037650418261  0.00632860272474531
  0.00715576765840248  0.00811613127839620  0.00924658208768259  0.01063865695811416
  0.01237041906436329  0.01448786664662127  0.01709912832861939  0.02044182354464377
  0.02482536793386795  0.03093439239649769  0.03911112964520205  0.05154271175665972
  0.07184536084016226  0.11026614864074964  0.21299131018703371  1.00000000000000000
 -0.00226958355611349  0.00910870242375831  0.01896559254472155  0.03022797321590271
  0.04112909622233491  0.05414394494763784  0.06649153144962471  0.07652296785446065
  0.08665228080060598  0.09692453266395967  0.10663535601578558  0.11497635249534777
  0.12316200487433046  0.13180840545690817  0.14059399261806038  0.14926134185476675
  0.15794622797010477  0.16636922227613496  0.17582186768774283  0.18547450598768092
  0.19544657944534119  0.20543269865668420  0.21536054535969659  0.22501256222970226
  0.23590992612507683  0.24791435557085964  0.25968624417986841  0.27117824150152697
  0.28226570777792626  0.29334436080446130  0.30456686433750108  0.31650607720021123
  0.32866115050996692  0.34059902948160542  0.35259083624595700  0.36547331491557372
  0.37870800073452066  0.38982443288544377  0.40011049793491904  0.40823927860840997
  0.41636537294280906  0.42452846738332600  0.43305109135358022  0.44166383038725832
  0.44996497512136835  0.45910631603645291  0.46989509461960094  0.48091452790333383
  0.49160837027830068  0.50283686562936447  0.51464298458481339  0.52596397913742843
  0.53669227339430803  0.54763735264245894  0.55900864433672781  0.57037766914862520
  0.58193352213128779  0.59353536987012046  0.60498889314751414  0.61595039450857669
  0.62638424084699795  0.63688609171599331  0.64735998569778797  0.65673665054043484
  0.66578422672736537  0.67505178958085710  0.68478194438645357  0.69453665124388786
  0.70413632265383708  0.71408333038195659  0.72441028594693446  0.73445272814401208
  0.74439035309990909  0.75399070952809810  0.76337904309392612  0.77262282185396414
  0.78126747363653593  0.78962077090604499  0.79801480910134714  0.80648553904754117
  0.81600381977016634  0.82657922260413041  0.83775473308731840  0.85004832239838946
  0.86298557350642613  0.87604951736033176  0.88882192798480697  0.90153859297595407
  0.91426524443617219  0.92682593851929485  0.93941064595929158  0.95208168742317723
  0.96444183700578001  0.97632949467255836  0.98804879590668582  1.00000000000000000
 -0.00057181807396639  0.00403123609948183  0.00450766211850375  0.00485119585227968
  0.00515087281378865  0.00538596625703044  0.00561486853873782  0.00585015158660634
  0.00608315100228097  0.00630299196039783  0.00652592972079730  0.00675328924050856
  0.00698320652012676  0.00721482568641536  0.00745344901313253  0.00769298559721754
  0.00793334833928679  0.00818104627059434  0.00843205019967402  0.00868679723791125
  0.00894865377121257  0.00922448458557749  0.00951242851733517  0.00980384287046102
  0.01010549371564640  0.01041761453060697  0.01074177409238673  0.01107393397357509
  0.01142902224151784  0.01179964145073523  0.01217440473895008  0.01256973104177944
  0.01297303664165115  0.01338620152680625  0.01381153356193558  0.01424666870023685
  0.01470173949448354  0.01516695025660426  0.01564264565674470  0.01613177287240215
  0.01663631442224556  0.01715150964502696  0.01769395142976399  0.01824715861937767
  0.01882126952707901  0.01941426669763479  0.02002571244689724  0.02067259643192261
  0.02137583956807369  0.02212959275267940  0.02290920703690624  0.02370864302909057
  0.02452639445292649  0.02537122623033462  0.02624371548312876  0.02716692369258193
  0.02812434169090510  0.02910265362986855  0.03010602474051799  0.03114225992990412
  0.03220403974352148  0.03330691133498085  0.03445668850650380  0.03564712879414922
  0.03688984633633058  0.03817248224089165  0.03951225331587989  0.04084141379267270
  0.04260630176651876  0.04490760769742392  0.04732537546943324  0.04986897458935183
  0.05256678333227892  0.05535832683038384  0.05829004180857601  0.06143222850571536
  0.06531478957960563  0.06991961439737220  0.07486796099744633  0.08014419901828707
  0.08622546172280410  0.09340231463887357  0.10114816593526489  0.11023437962750406
  0.12064563663507785  0.13278645556184288  0.14701694397979287  0.16398375726639428
  0.18466111912465510  0.20980957993109192  0.24207249291473187  0.28434507700590916
  0.34299265555358649  0.43601050561331639  0.59904326586520451  1.00000000000000000
 -0.00257855018214586  0.00898054784692220  0.01914867112269857  0.02986149272358186
  0.04078772586759654  0.05163669105411383  0.06244728943599218  0.07313284908219173
  0.08368445854848311  0.09424041045297543  0.10466148384281015  0.11498599605275857
  0.12526369382042626  0.13567204412726114  0.14609038423655768  0.15590656831186053
  0.16566315070206206  0.17461489806900443  0.18365711343651325  0.19294473710042101
  0.20228317779231281  0.21191866339499624  0.22136732454376704  0.23100953065266858
  0.24166196152057559  0.25330473038931639  0.26538165606952574  0.27826913057049169
  0.29139125817475225  0.30480548384978517  0.31805878900049633  0.33091396625846498
  0.34328257357350728  0.35498758934875335  0.36621295859776365  0.37721838030125260
  0.38809252541715683  0.39924746911813397  0.41074868885771687  0.42255361365731281
  0.43483562753130778  0.44757395783781972  0.45998623903526054  0.47173358012836764
  0.48327964766858217  0.49491895552779347  0.50690301418913064  0.51957919808733788
  0.52992149313490844  0.54122765691306662  0.55038708628740729  0.55981970310765972
  0.56920951516199303  0.57825671696889314  0.58729648621617059  0.59617304180665620
  0.60552584835559031  0.61920154716017251  0.63197601284697280  0.64381911586299934
  0.65655798567893753  0.66799953066878770  0.67751589493063435  0.68733346163879372
  0.69675898724139451  0.70621107502169589  0.71575736946910962  0.72563219825616054
  0.73587907313045331  0.74654140439127292  0.75752059522051740  0.76864588522056632
  0.77964978313196587  0.79030059051540757  0.80101413117293585  0.81150424660730047
  0.81999477489867167  0.82804567508567983  0.83569676716403507  0.84299510488338070
  0.85043631360936289  0.85833878343228209  0.86631944841814690  0.87462173663961784
  0.88451208618800214  0.89543999187045953  0.90656029963166873  0.91767352688580772
  0.92866332191791978  0.93923334450860374  0.94934302403076531  0.95955702589062464
  0.96988077920028182  0.98012855123429177  0.98997648203924393  1.00000000000000000
   5.0395032223490222E-012  -1.0000000000000000     
 F F F F F F F F F F F F F F F F F F F F F F F F
  <DiscreteSampler_grid>
  grouped_processes
  1 # 1 for a reference and 2 for a running grid.
  10 # Attribute 'min_bin_probing_points' of the grid.
  1 # Attribute 'grid_mode' of the grid. 1=='default',2=='initialization'
  0.0000000000000000 # Attribute 'small_contrib_threshold' of the grid.
  0.5000000000000000 # Attribute 'damping_power' of the grid.
 # binID   n_entries weight   weight_sqr   abs_weight
    10   10   9.306866384310980E-002   7.554243160914191E-002   9.306866384310980E-002
  </DiscreteSampler_grid>
