  0.00010119058744383  0.00010587436243933  0.00010922357620405  0.00011255052107354
  0.00011585044125710  0.00011945978116376  0.00012383066770627  0.00012845798950704
  0.00013315273870173  0.00013783932404584  0.00014258478644601  0.00014787594872780
  0.00015331149550694  0.00015847814961504  0.00016381607808140  0.00016962888989315
  0.00017654122278478  0.00018353693816768  0.00019053210548777  0.00019760722488506
  0.00020418882074975  0.00021065427695138  0.00021747676535389  0.00022473928218778
  0.00023260632508722  0.00024086049445450  0.00024911807055430  0.00025807997109721
  0.00026699605567286  0.00027615063089404  0.00028721289900345  0.00029850430199967
  0.00030944357135023  0.00032005111345876  0.00033077778305343  0.00034265475665375
  0.00035540157826764  0.00036841966730891  0.00038137758874783  0.00039449093864412
  0.00040925245601926  0.00042556179105248  0.00044411023276750  0.00046491637197301
  0.00048728261813669  0.00051101507917042  0.00053623807845396  0.00056218046205366
  0.00058830814490783  0.00061482258559550  0.00064202013164778  0.00067147811116439
  0.00070284552810333  0.00073646109483557  0.00077249753415907  0.00081069303993037
  0.00085605565497052  0.00091102224647258  0.00097417143568125  0.00104221257629709
  0.00111126277761737  0.00117909896201984  0.00124732635059559  0.00131920430409369
  0.00139611198703564  0.00148158626749484  0.00157202399078130  0.00167183641409624
  0.00178087387682732  0.00190203843335216  0.00204010700158038  0.00220438378057008
  0.00239448077112996  0.00260792000140279  0.00285021039360284  0.00313003970322178
  0.00345780069855046  0.00384102848136632  0.00427818126767672  0.00478342716058378
  0.00536323853635036  0.00607015008518253  0.00689787216800860  0.00796005407730548
  0.00924705306713430  0.01087044243572748  0.01307568351744748  0.01603982022908753
  0.01983650575972688  0.02519645839534390  0.03335633763534022  0.04615542406859564
  0.06673813506643266  0.10743895850088730  0.20617541416006216  1.00000000000000000
  0.00000131878918059  0.00000268952373629  0.00000430059790911  0.00000634965114090
  0.00000863118572776  0.00001089208383062  0.00001339940458467  0.00001601773295078
  0.00001870601890571  0.00002152176011989  0.00002441324291735  0.00002742640302862
  0.00003066295580915  0.00003422982362508  0.00003810379527880  0.00004230295565572
  0.00004677880717862  0.00005147017244162  0.00005634639380646  0.00006083401566920
  0.00006647838447721  0.00007310406823007  0.00008008057671940  0.00008742067290943
  0.00009552386855872  0.00010459952129174  0.00011442290557620  0.00012462130638144
  0.00013525156821530  0.00014676373396812  0.00015867750919711  0.00017067847965340
  0.00018290080922270  0.00019590451147451  0.00020925733935648  0.00022267265825526
  0.00023586793464271  0.00025012446321523  0.00026593314022450  0.00028217908938417
  0.00029947832111068  0.00031937965535422  0.00034191427403537  0.00036600060710767
  0.00039308722791508  0.00042305540345757  0.00045316431841576  0.00048702755803980
  0.00052359771364968  0.00056332087085900  0.00060739580224842  0.00065168281642358
  0.00069868627297985  0.00074942945213791  0.00080341908094465  0.00086242395631815
  0.00092601295315235  0.00099436554844159  0.00107240302359275  0.00115912145275604
  0.00125470135595534  0.00135928191616836  0.00147312376507388  0.00160557733598869
  0.00175479270298048  0.00192357538652325  0.00210963654439362  0.00231426424267036
  0.00253218667387442  0.00275836395305280  0.00301506222198280  0.00331344735711118
  0.00366684711936672  0.00406206015581888  0.00449298419197914  0.00498518053751473
  0.00556801375496459  0.00623795350047060  0.00698642984786090  0.00787816014741092
  0.00895711232131241  0.01019789335446668  0.01164352123187289  0.01341388905758829
  0.01558055454535318  0.01832977363925995  0.02195426476081298  0.02666490367733475
  0.03330202712236008  0.04265869164002445  0.05621919923348875  0.07842792163777679
  0.12298408133467449  0.23911981588559511  0.82886542726915913  1.00000000000000000
 -0.00259774934117312  0.00967746691917524  0.02069729435811890  0.03100007025244578
  0.04142641230412403  0.05186718637930667  0.06235638121409347  0.07303535107502926
  0.08419270943378089  0.09543409629047370  0.10695512657345507  0.11845449930989302
  0.12968342264098209  0.14057872309763772  0.15087183428654383  0.16104435790409777
  0.17121865001555747  0.18181917246016596  0.19267163592516318  0.20420265760126463
  0.21452307554292935  0.22442056254961520  0.23416015225402245  0.24357152601597293
  0.25288039138906770  0.26207326992534202  0.27078126732281260  0.28185577701272096
  0.29194904309026454  0.30392538203695635  0.31457144486477351  0.32409802017080108
  0.33374720063991414  0.34260767920023044  0.35168205912008210  0.36018191343993194
  0.36862075612676981  0.37751758989937478  0.38710136418765434  0.39725331150860632
  0.40820257483199457  0.41941898456311516  0.42998027679978446  0.44073737034626642
  0.45187513603162571  0.46258942491843702  0.47321248835514662  0.48332661984767938
  0.49330663516676954  0.50330809602739446  0.51406219605160419  0.52520848061753989
  0.53639446453164985  0.54724118055929427  0.55813460929442327  0.56837791685057715
  0.57829435968603149  0.58849126353778958  0.59911879707791915  0.60969719671683564
  0.62066574910725103  0.63244280493848337  0.64588169510085069  0.65814842911627391
  0.67090582235386209  0.68338786829502274  0.69505805276767541  0.70581554483433318
  0.71684017200662831  0.72806026391992706  0.73952255830012770  0.75093462605628936
  0.76186484195826598  0.77203241388254384  0.78185828398601187  0.79153569707952365
  0.80137059071104400  0.81118168714964056  0.82095326980875527  0.83065130936321574
  0.84066140723350269  0.85052543028959326  0.86089288144547471  0.87134317885131995
  0.88245042139613494  0.89397900635384886  0.90516976088858581  0.91626333919414948
  0.92745324971725507  0.93828422666139055  0.94870861885927427  0.95935859838517779
  0.97033980509905315  0.98089436109186412  0.99058221946498870  1.00000000000000000
 -0.00053536762624434  0.00401898951543443  0.00455664805062681  0.00495711089651403
  0.00526917942258864  0.00556779443031407  0.00584332981497194  0.00611843189210915
  0.00639320103735346  0.00666688666455223  0.00693876422125059  0.00720300333763008
  0.00746867685451263  0.00773555526315727  0.00801000376568369  0.00828602783782512
  0.00856371177487568  0.00884624110030735  0.00913457209719406  0.00943247449798865
  0.00973783888663480  0.01005066296282378  0.01037304648538523  0.01071744265096960
  0.01105906984379338  0.01141489953499498  0.01179614695563608  0.01218312879768443
  0.01258335935739130  0.01299523026407356  0.01341733656965712  0.01385624749089549
  0.01430525807985113  0.01476686697444663  0.01524104072622968  0.01572584957177522
  0.01624026398775342  0.01676550274268106  0.01731213331058953  0.01787792984816577
  0.01846112652341484  0.01906773700578765  0.01968623218359969  0.02031681558409990
  0.02101009507030829  0.02172463208042783  0.02245795390390366  0.02321816110039274
  0.02401062757944206  0.02483618247639781  0.02569185774079952  0.02660055723282117
  0.02751273836354706  0.02843721541890560  0.02938479031884483  0.03036316136468683
  0.03137860361429098  0.03243847759963376  0.03353579438297091  0.03467585343936672
  0.03586670762974339  0.03711544398782689  0.03840220099704929  0.03970241499827565
  0.04105573244802937  0.04264878494024120  0.04460773755038418  0.04662493718470669
  0.04875077146783652  0.05100787971789448  0.05336648178784718  0.05582570608811345
  0.05841186734348632  0.06113983916517203  0.06441874056594628  0.06845761461850172
  0.07262901662638757  0.07705685799033486  0.08173356319410487  0.08747684805506172
  0.09421602152181621  0.10151646028498794  0.10989009488162108  0.11942592012626074
  0.13020388735931143  0.14232064808012718  0.15678238786486831  0.17379221694555208
  0.19484770324014675  0.21993115180944342  0.25144759354842905  0.29317385721936801
  0.35024220930084360  0.43927711749347353  0.59931225032470337  1.00000000000000000
 -0.00264463952790745  0.00875798291767943  0.01933607059527970  0.03021232815793464
  0.04123254998499408  0.05157952063839988  0.06126802980479161  0.07067143350691268
  0.07989380687931601  0.08896776383244952  0.09795287032026023  0.10664151171150452
  0.11505351137023614  0.12343190929916614  0.13193413109022245  0.14081320585868240
  0.14980687913274907  0.15916193327870609  0.16856153544889771  0.17785941670052258
  0.18697857443100135  0.19583207254863305  0.20480241058576315  0.21387474817842217
  0.22299826222330352  0.23163126474854379  0.24039859312084588  0.24924270175599925
  0.25977741951733274  0.27066214252448068  0.28274062544472217  0.29475822702709981
  0.30664310765661212  0.31818689564851171  0.32980460336048423  0.34143292674940101
  0.35312619572035464  0.36514500865646271  0.37708345525139503  0.38870957299287034
  0.40081896367678649  0.41297726052962574  0.42440645234584495  0.43577122679046704
  0.44833195751385563  0.46210632545996927  0.47608910772338492  0.48965295365147354
  0.50370503626936225  0.51850061283666016  0.53354095330686979  0.54740923449615242
  0.55930481946023647  0.57121860931486612  0.58309332743130360  0.59526747579244232
  0.60805968060788451  0.62150046990318486  0.63382965140786318  0.64512957376596913
  0.65559879289415224  0.66568024151372052  0.67579127465568234  0.68585921509895287
  0.69559603905727441  0.70524519850223011  0.71536306513018710  0.72609096306812371
  0.73631714045025454  0.74650125984661109  0.75668284794114615  0.76712541797496092
  0.77747076272878968  0.78771221298094729  0.79827455663498181  0.80902271281937144
  0.81861573906531349  0.82710912112435986  0.83528963943576306  0.84338840216225608
  0.85156910335157032  0.85977668078897984  0.86787995155204867  0.87655935397689355
  0.88603534536154538  0.89588398792444079  0.90574664640102309  0.91594177684749001
  0.92652254460312888  0.93719605444129417  0.94790484934986297  0.95858586806178436
  0.96896716024965812  0.97936175754563437  0.98953231200324498  1.00000000000000000
   4.5985454224239578E-012  -1.0000000000000000     
 F F F F F F F F F F F F F F F F F F F F F F F F
  <DiscreteSampler_grid>
  grouped_processes
  1 # 1 for a reference and 2 for a running grid.
  10 # Attribute 'min_bin_probing_points' of the grid.
  1 # Attribute 'grid_mode' of the grid. 1=='default',2=='initialization'
  0.0000000000000000 # Attribute 'small_contrib_threshold' of the grid.
  0.5000000000000000 # Attribute 'damping_power' of the grid.
 # binID   n_entries weight   weight_sqr   abs_weight
    10   10   4.286099216144942E-001   8.728933950594124E-001   4.286099216144942E-001
  </DiscreteSampler_grid>
