  0.00003827472403695  0.00004119984427192  0.00004331428456847  0.00004546933681244
  0.00004771533222634  0.00005004600969560  0.00005247758274393  0.00005502390349204
  0.00005769993858845  0.00006048632800994  0.00006328550673441  0.00006641761797888
  0.00007005371306467  0.00007378697640503  0.00007757901105103  0.00008151182918877
  0.00008546966139220  0.00008956148470600  0.00009396572639607  0.00009855320687762
  0.00010326978726097  0.00010799134765289  0.00011279385920564  0.00011811290408745
  0.00012443350235133  0.00013230914039589  0.00013836660751990  0.00014460130735805
  0.00015078236468491  0.00015699639459846  0.00016375392114721  0.00017261569441956
  0.00018258276054740  0.00019305089550352  0.00020433834850454  0.00021695613251094
  0.00023005252016673  0.00024169601200228  0.00025373990407992  0.00026570818286190
  0.00027822797796906  0.00029143429529885  0.00030568573320767  0.00032019852043605
  0.00033464445986172  0.00034997473207291  0.00036589223221375  0.00038241277868087
  0.00040017034585680  0.00041936939130171  0.00044007669380648  0.00046278279773673
  0.00048747489346518  0.00051386992673028  0.00054246995829996  0.00057441376112910
  0.00061064997390458  0.00065064938327831  0.00069421877998127  0.00074184595687680
  0.00079160911984694  0.00084300035071141  0.00089761329922526  0.00095660678912703
  0.00102067886956030  0.00109074742058499  0.00117390659713178  0.00126838862914504
  0.00137288639434126  0.00148536031723423  0.00160093017560285  0.00172750822842873
  0.00186696938608372  0.00202630905502480  0.00222131206591890  0.00244989694854217
  0.00271098833391743  0.00302008794265645  0.00335907304677216  0.00377903462498017
  0.00428134116770868  0.00490589784964310  0.00564710658574401  0.00656642151961560
  0.00771170833827689  0.00915279601870643  0.01109521603159475  0.01367508951792186
  0.01737070001736869  0.02248137989892306  0.02974306961650053  0.04164521379127359
  0.06160018339057735  0.10034553782401953  0.20671231864404011  1.00000000000000000
  0.00000067286624733  0.00000228808495079  0.00000487725655674  0.00000812690854624
  0.00001112210654349  0.00001428575678317  0.00001760916686363  0.00002111994644336
  0.00002469125391832  0.00002835506082797  0.00003252270595596  0.00003692329256688
  0.00004148667110411  0.00004662143068207  0.00005228561054079  0.00005858146692996
  0.00006522109427792  0.00007203115340981  0.00007937236215315  0.00008712987654212
  0.00009472529223976  0.00010219467305427  0.00011047718183656  0.00011878695333653
  0.00012697666927423  0.00013524410033664  0.00014344758090697  0.00015178236456982
  0.00016019857703789  0.00017021723930104  0.00018106911829533  0.00019352391032531
  0.00020677190338248  0.00022065643825458  0.00023568053147174  0.00025212776872009
  0.00026998760316870  0.00029036474369103  0.00031236750349538  0.00033559547152365
  0.00036012288911772  0.00038563184273232  0.00041261136592164  0.00044178723330486
  0.00046852446472750  0.00049270780518705  0.00051879517496796  0.00054541006621015
  0.00057350385195727  0.00060306328217133  0.00063601830003316  0.00067252775877584
  0.00071119785405063  0.00075185999067169  0.00079230239489936  0.00083498444240147
  0.00088298301738211  0.00093651339059145  0.00099408902214158  0.00106556470486335
  0.00114901646057929  0.00123879599290203  0.00133555939009787  0.00144442960717365
  0.00156833038558020  0.00170382500172592  0.00185131600915752  0.00201314287215892
  0.00219805771751352  0.00240964832383632  0.00265135818359160  0.00292447202038651
  0.00322428386404617  0.00357054018185810  0.00395996778673179  0.00441255333410039
  0.00493997234426362  0.00551414553483671  0.00613741843324593  0.00686464549647912
  0.00779218756276005  0.00889195426314779  0.01019281353259464  0.01184811019984528
  0.01400411410319769  0.01671949389131338  0.01992137655734536  0.02387810482750911
  0.02927216904285859  0.03758933683388103  0.05021888098161015  0.06946746451401963
  0.10784082385922016  0.20015659151270690  0.87956262379949113  1.00000000000000000
 -0.00248525528783711  0.00907583906698485  0.01989755798963321  0.03154724329540160
  0.04232573625044472  0.05241069892222210  0.06256237986507344  0.07319100347969010
  0.08597329003644044  0.10000579686858821  0.11279289014016571  0.12491610124272520
  0.13344414988092823  0.14201209615223254  0.15002848329805912  0.15811808823904705
  0.16623402788915914  0.17410792722996191  0.18181819621549916  0.19037657791639781
  0.20187576691669315  0.21308195528971388  0.22420021309571667  0.23447300182366537
  0.24382079098061984  0.25257399688371263  0.26128249733859821  0.27070041829509278
  0.27994299576795240  0.28874112857172402  0.29815944587754822  0.30820943581350535
  0.31865598677040252  0.32963306590463254  0.34041462843449721  0.35044172780233829
  0.36014490559099693  0.36985642953884523  0.37984361296260638  0.39061074717082278
  0.40207475051038200  0.41463551718762531  0.42658653544946301  0.43777302087149628
  0.44821008115856092  0.45869109819437887  0.46976328885081919  0.48138464782799401
  0.49286340079487279  0.50387230546064199  0.51468475959784776  0.52564426364769645
  0.53655116345714304  0.54798137016912352  0.56001990559615433  0.57232585435354211
  0.58487720080772287  0.59587381739116940  0.60708474115426725  0.61837593707676175
  0.62939576747499026  0.64051930419548153  0.65202617721836686  0.66419031609540635
  0.67436859042047059  0.68449683960900531  0.69434072953193826  0.70452859585321814
  0.71422461541753801  0.72411794773740679  0.73442055742033585  0.74518782240760972
  0.75574304540062942  0.76631526872435984  0.77706709937049168  0.78823155835214676
  0.79816723345489393  0.80812264302139614  0.81784018962645000  0.82665506125161781
  0.83494902233171331  0.84350186949108552  0.85276415560048358  0.86333244792086150
  0.87397524087073375  0.88404500043741630  0.89390476955512022  0.90370382865210308
  0.91391506923015420  0.92482081651194570  0.93634577308784039  0.94796725144327310
  0.95994050932127639  0.97351253205537802  0.98653384218783724  1.00000000000000000
 -0.00042265093331797  0.00379098542143344  0.00435187255886929  0.00466138280259434
  0.00491195113878956  0.00513761110948080  0.00533651551182684  0.00553150479649291
  0.00572502230891105  0.00592510878807880  0.00613004727044210  0.00634974437292089
  0.00657249729071699  0.00679829339207406  0.00702662776120601  0.00725699677132366
  0.00749534484046788  0.00773818749645918  0.00798442102781995  0.00823111378737296
  0.00847805967084834  0.00872525523287648  0.00898899265059884  0.00927306195559172
  0.00958361834828929  0.00990249440179096  0.01023371800102899  0.01058077743618676
  0.01093236321612075  0.01129766962223413  0.01167743606124055  0.01206479058657123
  0.01246412109517773  0.01287587119280295  0.01330121413767401  0.01374214782290112
  0.01418983458815107  0.01464372594210088  0.01510540469049045  0.01557954976777629
  0.01606764289483713  0.01658420509838365  0.01711715609737916  0.01766478048866557
  0.01823753843982245  0.01884549255842978  0.01946239366347153  0.02008601401625012
  0.02071908183719959  0.02141411010425679  0.02215190537221187  0.02291755994033862
  0.02371908597258856  0.02456027298148252  0.02542771484166265  0.02632141314813277
  0.02725110683350734  0.02822564396493929  0.02924418208277435  0.03030098821091695
  0.03138299872649986  0.03250948792485224  0.03366693257021008  0.03486324303162776
  0.03610305925843112  0.03739696513782016  0.03874933219097056  0.04012716530831986
  0.04173479797956967  0.04380163651235673  0.04619580795659520  0.04863122851537838
  0.05125545869557525  0.05402855195367774  0.05697826814457014  0.06003658739367713
  0.06366579346350645  0.06808540792621744  0.07294542407371223  0.07822701561458864
  0.08416968287009489  0.09135632783747842  0.09922020382993570  0.10826745446146965
  0.11891325238339383  0.13101089958044104  0.14531686164538571  0.16235121125939028
  0.18335039495133659  0.20888193519043818  0.24075156389948410  0.28221669134840888
  0.34056010252339586  0.43286895096751987  0.59908603935674798  1.00000000000000000
 -0.00257453564656596  0.00845315159885147  0.01896364074807100  0.02969317986025887
  0.04069647856721538  0.05187878278366687  0.06227094085926382  0.07104919309006689
  0.07901301231239352  0.08707326250218048  0.09530843977765363  0.10358584500482942
  0.11174960648721551  0.11953907839808074  0.12826226301585200  0.13791130479021010
  0.14770111879482947  0.15738519437340237  0.16707448745999726  0.17696497082366669
  0.18721227145002237  0.19806393830244989  0.20913785069002733  0.21984499526611520
  0.23039618373578405  0.24099201910371029  0.25161846816432809  0.26192441413043549
  0.27238735368055278  0.28360521336750522  0.29506080963245951  0.30639068014840842
  0.31853441560458345  0.33158688396858765  0.34412675763210165  0.35599024590117001
  0.36699993507707823  0.37651448904109996  0.38633580664474232  0.39638414050228227
  0.40837374785187236  0.42260309865472873  0.43723750396481142  0.45202972693178317
  0.46675720104525387  0.48049378141095195  0.49262961883809053  0.50500810149899555
  0.51728453531737162  0.52937495261584255  0.54213584587251917  0.55681146036276630
  0.57162381091469394  0.58473275747933062  0.59723015754081632  0.60923741063060122
  0.62126204634492188  0.63207574700355829  0.64234108034205228  0.65232134595502578
  0.66175349964794195  0.67119582228433206  0.68080690158537238  0.69088638281102888
  0.70189020508346356  0.71271288362725926  0.72430042073845213  0.73564456506233977
  0.74692335201936344  0.75766154563009336  0.76859920180644903  0.77914603211693412
  0.78970354955831368  0.80030848410790145  0.81091176938945142  0.82138730765894497
  0.83107720931236517  0.83922430412990534  0.84658767998382090  0.85406680923543310
  0.86209083745247572  0.86984092401358881  0.87756710116221659  0.88541063885819160
  0.89379350588736317  0.90366002949153779  0.91484105605556854  0.92529578645138233
  0.93506225938100263  0.94446271386951619  0.95384341067848710  0.96312274826893163
  0.97274468370524270  0.98200513256152144  0.99113563734091958  1.00000000000000000
   5.2425332917658724E-012  -1.0000000000000000     
 F F F F F F F F F F F F F F F F F F F F F F F F
  <DiscreteSampler_grid>
  grouped_processes
  1 # 1 for a reference and 2 for a running grid.
  10 # Attribute 'min_bin_probing_points' of the grid.
  1 # Attribute 'grid_mode' of the grid. 1=='default',2=='initialization'
  0.0000000000000000 # Attribute 'small_contrib_threshold' of the grid.
  0.5000000000000000 # Attribute 'damping_power' of the grid.
 # binID   n_entries weight   weight_sqr   abs_weight
    10   10   1.695434808170142E+000   1.919342922536936E+001   1.695434808170142E+000
  </DiscreteSampler_grid>
