  0.00282473096676617  0.00295234000131484  0.00307505526688505  0.00319277753290658
  0.00331938207013851  0.00345321480785994  0.00359117973652202  0.00373205649539884
  0.00387879066406782  0.00403176981250622  0.00418932012979492  0.00435226264686964
  0.00452256228584003  0.00469978059239993  0.00488210450147344  0.00507057729232607
  0.00526974290203647  0.00547636193584640  0.00568959406397556  0.00591417574136330
  0.00614897014197923  0.00639225648478158  0.00664480289538788  0.00690886884779637
  0.00718375648937236  0.00746745714481550  0.00776326670205073  0.00807536174230227
  0.00839820452334800  0.00873408965590571  0.00908732807756951  0.00945753899208263
  0.00984056808374359  0.01023910254832703  0.01065710959588966  0.01109431682851149
  0.01154846574374070  0.01202658782735507  0.01252992525962046  0.01305460298499308
  0.01360240140385498  0.01417877663658820  0.01478456740292114  0.01541685656922440
  0.01607575635683115  0.01676659327650602  0.01749170311455421  0.01824686291270196
  0.01903458006517703  0.01987272858640503  0.02075250493096853  0.02167394425436904
  0.02264890544966363  0.02368022790670298  0.02476825479361755  0.02590988429921024
  0.02712071680203239  0.02840444508565528  0.02975743496374563  0.03118561330296467
  0.03270877193497888  0.03433647094656342  0.03606511644683538  0.03789525842718629
  0.03984328976738653  0.04193557331414938  0.04417831654864410  0.04656749798745932
  0.04912255626721975  0.05186959773711153  0.05483663228929335  0.05805174830717123
  0.06152919623777327  0.06530111462742549  0.06938713022862895  0.07388607920730826
  0.07885657279588552  0.08432727824069072  0.09034817127965489  0.09706831747347915
  0.10463837672822715  0.11339616608253913  0.12342309797064036  0.13464522400433465
  0.14709656329672097  0.16157336663755803  0.17844787718818764  0.19788868729068193
  0.22087834701449249  0.24969730011353930  0.28820080082072358  0.33997964538287384
  0.41092425312917941  0.53482803223007280  0.81517266036032776  1.00000000000000000
 -0.00235739940817295  0.00965768257665826  0.01976859464481330  0.03026479800732841
  0.04078856294560530  0.05142274813957581  0.06200992396777776  0.07240066625149165
  0.08269669567549355  0.09309437404207124  0.10356538750447011  0.11402896557279567
  0.12443915335434870  0.13487122754854364  0.14533173565360979  0.15587692102392040
  0.16646596357010524  0.17712165741044303  0.18775948459246258  0.19847364755323965
  0.20920970741276229  0.21988421444994793  0.23048368344250006  0.24103202240456126
  0.25157828367246310  0.26204574801171293  0.27246255708709566  0.28299788407365106
  0.29349692411566375  0.30395384248630436  0.31430261632359141  0.32473507402260615
  0.33522086131751927  0.34574909892412709  0.35625682098730049  0.36684523852320555
  0.37734747957906889  0.38789735465178693  0.39839418909515656  0.40899816752263263
  0.41955991136718096  0.43000986007134112  0.44052806226263075  0.45104330231882761
  0.46158039610933127  0.47206475295790135  0.48253730773003323  0.49312624805986588
  0.50365751624096256  0.51433453725161948  0.52507615978054134  0.53590558843179414
  0.54663658105398349  0.55730772496530556  0.56791204388141103  0.57849091799318886
  0.58904793803920830  0.59964277776463126  0.61027084794908137  0.62084643239573867
  0.63138221003874095  0.64186920371041611  0.65241115840449027  0.66309803976315462
  0.67382629863131427  0.68448134108412662  0.69495258813041394  0.70537536456479311
  0.71581169832070879  0.72625900864527615  0.73676849032983616  0.74728584305394430
  0.75772593135372268  0.76821946521417472  0.77871928374830846  0.78910578749885474
  0.79962356283851999  0.81008827636711023  0.82066916140194657  0.83120413330966203
  0.84178843775151180  0.85231211455108591  0.86267988610470847  0.87299991845532099
  0.88352205082828605  0.89405248451332109  0.90474257629526056  0.91541422518419824
  0.92601257186839969  0.93647721475903134  0.94704388558834596  0.95759782016591666
  0.96816183075796058  0.97868733715524125  0.98935768840932403  1.00000000000000000
  0.12181174689467900  0.12614233702561028  0.13366503420768147  0.14196128481772557
  0.14998983823375997  0.15805537426290436  0.16614907178444527  0.17428560735627557
  0.18242424254710615  0.19058088184100563  0.19878090071657084  0.20700714037137222
  0.21529487325755919  0.22361030152302278  0.23195012600678025  0.24032112451430451
  0.24872831231377002  0.25717906966439208  0.26565410212427804  0.27417390015660181
  0.28273822261153497  0.29132783301019338  0.29992205314113513  0.30852040139163794
  0.31713975194673183  0.32580670666258404  0.33451579949289473  0.34326895963603032
  0.35204558667435126  0.36085684676363250  0.36972632410906875  0.37864424337282437
  0.38760013267416182  0.39656951333070006  0.40553740157132273  0.41455171790786410
  0.42361967949163870  0.43272918232849555  0.44182780408739264  0.45089198791701018
  0.45994483182669904  0.46907839020232667  0.47826881931347881  0.48752944894715922
  0.49678642501557019  0.50600341956815986  0.51522152449161807  0.52440463583890728
  0.53357525873969691  0.54270935660696229  0.55175447641281705  0.56083177705344001
  0.57000018452493906  0.57924178019901829  0.58849292867140024  0.59772001173360390
  0.60699892064485983  0.61628995284742250  0.62557446302566111  0.63485082899467371
  0.64417421510294826  0.65357223519365248  0.66296889741108345  0.67237507641931049
  0.68180947623819332  0.69128452682118524  0.70076521440840700  0.71026247480905391
  0.71978286448646778  0.72932727982299494  0.73888900989741990  0.74850837995870179
  0.75824538287291421  0.76805851692908544  0.77790934205907736  0.78781436598065557
  0.79778202775833806  0.80779260027348798  0.81773726257905466  0.82762166712961194
  0.83752649395671441  0.84749908568851695  0.85754737284186267  0.86764120214837204
  0.87790016426074302  0.88834411459739593  0.89909388496981435  0.91020241937287272
  0.92145796065206731  0.93258869486064722  0.94270645203972392  0.95170525595635680
  0.96057376284964335  0.97025705274447660  0.98286693735907049  1.00000000000000000
   1.7078271985015560E-003  -1.0000000000000000     
 F F F F F F F F F F F F F F F F
  <DiscreteSampler_grid>
  grouped_processes
  1 # 1 for a reference and 2 for a running grid.
  10 # Attribute 'min_bin_probing_points' of the grid.
  1 # Attribute 'grid_mode' of the grid. 1=='default',2=='initialization'
  0.0000000000000000 # Attribute 'small_contrib_threshold' of the grid.
  0.5000000000000000 # Attribute 'damping_power' of the grid.
 # binID   n_entries weight   weight_sqr   abs_weight
    10   10   2.601675271648260E+010   9.542391182671856E+020   2.601675271648260E+010
  </DiscreteSampler_grid>
