  0.00000688307765069  0.00000789953876792  0.00000864665745792  0.00000946040458795
  0.00001057771274794  0.00001182764023798  0.00001311223208494  0.00001449359364407
  0.00001595220458293  0.00001742927548568  0.00001891430221321  0.00002043599674112
  0.00002203854778543  0.00002376888389391  0.00002558846846002  0.00002745750789392
  0.00002946423087226  0.00003168484904826  0.00003408451342000  0.00003663062800719
  0.00003936359105666  0.00004231663690717  0.00004549814905227  0.00004894121156049
  0.00005276964714469  0.00005715348780354  0.00006121338291621  0.00006548641057335
  0.00007113824044286  0.00007729543367722  0.00008363947100177  0.00009027788296819
  0.00009697783939561  0.00010393802075258  0.00011119152536941  0.00011870795050604
  0.00012656161341715  0.00013481758281649  0.00014308692945842  0.00015096775426470
  0.00015876370005209  0.00016725039425309  0.00017719127438472  0.00018805660427884
  0.00019897076609152  0.00021115326650279  0.00022406814184987  0.00023753192683069
  0.00025102295029470  0.00026473782932962  0.00027923520634169  0.00029451478475731
  0.00031066163653001  0.00032599539976573  0.00034468029958933  0.00037056739400543
  0.00039515640545707  0.00041959111369860  0.00044390412859168  0.00046988193213050
  0.00049777592315693  0.00052733687384872  0.00056134623122862  0.00060023439148523
  0.00064474627057869  0.00069247988834811  0.00075171183487579  0.00081199324456700
  0.00088074970865693  0.00095512048010991  0.00103700986316455  0.00112893903106662
  0.00123237165075618  0.00134961766300459  0.00148111921555827  0.00162881167107237
  0.00180053782947044  0.00200782755249792  0.00225990868341323  0.00256486060041481
  0.00292281738522151  0.00336377518077152  0.00388448550379878  0.00455499046810044
  0.00538500711618939  0.00645829708835854  0.00789847952991427  0.00983340678227556
  0.01264360901891432  0.01689345245538182  0.02334799230809095  0.03440239703413820
  0.05748381426745273  0.13605544165798061  0.90915144406800119  1.00000000000000000
  0.00000118528707513  0.00000314324042566  0.00000521059709499  0.00000733686320205
  0.00000956823181542  0.00001194008063017  0.00001446137162471  0.00001726797342329
  0.00002011820495247  0.00002308227486540  0.00002621928764401  0.00002957738974835
  0.00003315167529868  0.00003693635201758  0.00004087643356858  0.00004501765448661
  0.00004944453842058  0.00005417013927631  0.00005922474553594  0.00006469840236578
  0.00007054740676820  0.00007672856249820  0.00008307621772463  0.00008968132518649
  0.00009648386437726  0.00010351039409392  0.00011075235362099  0.00011865330750970
  0.00012773236109259  0.00013781653588252  0.00014823491168873  0.00015857483665394
  0.00016891480179825  0.00017928644614760  0.00018969538876429  0.00020029338706123
  0.00021215245643197  0.00022496122887913  0.00023899160823349  0.00025494818982740
  0.00027259761536548  0.00029096603391086  0.00031035587549808  0.00033161560354461
  0.00035463930548369  0.00037925922373505  0.00040466920043638  0.00042614423070502
  0.00044739856010213  0.00047128225372748  0.00049722972984207  0.00052537722385305
  0.00055348251947886  0.00058432623769335  0.00061808847996438  0.00065443591931052
  0.00069349799729672  0.00073694253994782  0.00079024025101348  0.00085086506893635
  0.00091627400064074  0.00098746348683011  0.00106718000637702  0.00115607011339661
  0.00125477253492033  0.00136075179632787  0.00147557193118110  0.00160331107619698
  0.00175000222497107  0.00191859845399655  0.00210869601962629  0.00232268600950933
  0.00256234342678032  0.00283349842530059  0.00313343065235612  0.00346584331762847
  0.00384409742968488  0.00427391735426309  0.00475905391278850  0.00531543329737186
  0.00598983235723886  0.00679874515778456  0.00776874897710779  0.00894323566130277
  0.01033251441955074  0.01200794441396342  0.01416321271239091  0.01698409740622225
  0.02067284122918761  0.02578019990038787  0.03346926024383429  0.04533719072416873
  0.06615438611627204  0.12025066787166154  0.48382687090874299  1.00000000000000000
 -0.00250896077041157  0.00959480070420742  0.02044594997582524  0.03207170467546185
  0.04356130036370243  0.05505706987830368  0.06665173491411729  0.07836393401356455
  0.09032518169728346  0.10224814550088869  0.11372012862255355  0.12508739014026646
  0.13668297813954372  0.14836189169631850  0.16024401697596030  0.17153253282111955
  0.18275187419396363  0.19330881496687635  0.20421617566407729  0.21468207724028671
  0.22559771168311180  0.23668180167080366  0.24751213392642366  0.25789045473289879
  0.26792486652263514  0.27844633763556431  0.28939494556117062  0.30061216970070886
  0.31191936571108014  0.32289948377262695  0.33350036514224124  0.34408813845942687
  0.35474527192971522  0.36489181326407683  0.37471600862270821  0.38470566358816011
  0.39485845423498661  0.40513595853730816  0.41532379954384291  0.42610060720068738
  0.43757225177249859  0.44893062848070747  0.46049737252153022  0.47092359576626069
  0.48155736913960101  0.49238335581222598  0.50305395110860573  0.51286463938435289
  0.52242717514894155  0.53257455239884766  0.54280411398100714  0.55318973056495702
  0.56355428433180776  0.57382713920529171  0.58419112500992121  0.59513821835812375
  0.60691281878547654  0.61728455797207293  0.62790238385166675  0.63967175384435371
  0.64936568595903821  0.65751779046293468  0.66620557638253375  0.67503024374033571
  0.68395014128300491  0.69241281827092060  0.70031714818057911  0.70856373697573527
  0.71835716542313366  0.72876022701463994  0.73889456159184452  0.74900991592615074
  0.75996498476537899  0.77172713911011837  0.78364378355388697  0.79540819383452233
  0.80672755856444756  0.81777963193189462  0.82884413959268000  0.83980365393567691
  0.85071232394813123  0.86195290201601615  0.87294949040095027  0.88266660933242924
  0.89169837918348693  0.90075479286745097  0.90998653441717403  0.91886604080843204
  0.92767612402191890  0.93655103201725343  0.94680666482816722  0.95792799320980115
  0.96828836504304605  0.97878800033852553  0.98938760300502571  1.00000000000000000
 -0.00063128753928019  0.00427047108603215  0.00469639557448482  0.00494944926822987
  0.00513838236120325  0.00531940911441025  0.00549356870220483  0.00563004088120947
  0.00576416391870384  0.00589828609590640  0.00604301386877648  0.00618794205114912
  0.00633378476330632  0.00648099829061582  0.00662976806472668  0.00678177323854944
  0.00693656203772705  0.00709395682623864  0.00725535047669828  0.00741621934934115
  0.00757904907771772  0.00774520128034049  0.00791507559063800  0.00808622446666936
  0.00826046946645390  0.00844310290985212  0.00863258067799251  0.00882646076263423
  0.00902466566398296  0.00923093965786470  0.00945300689672670  0.00968238481194039
  0.00991444911328826  0.01015532966727634  0.01040968449048367  0.01067159444058642
  0.01094180599337821  0.01122150542934556  0.01151723955597381  0.01182367618272833
  0.01214036394092581  0.01246915990571526  0.01281150715718124  0.01316857470149525
  0.01354041505865269  0.01392217875634642  0.01431420576770027  0.01472045232166708
  0.01514345919116665  0.01558037584416652  0.01604884123324620  0.01653210901208427
  0.01704560382144857  0.01758111063030849  0.01813189882727606  0.01869944595920820
  0.01928783350406170  0.01989473074649099  0.02053593663742151  0.02123671217313425
  0.02198658236686973  0.02278633865067713  0.02360990807235864  0.02447557880602363
  0.02539784045742243  0.02638387803761893  0.02742679230092352  0.02852544252088925
  0.02968150880155108  0.03089818416640478  0.03217616582300450  0.03351435429168420
  0.03492173917628425  0.03641946641857268  0.03800396320706268  0.03965269796875188
  0.04144349423691145  0.04391410997825836  0.04685477861683830  0.04999143624971478
  0.05338151928474463  0.05711386733928094  0.06136861298875516  0.06672952638058401
  0.07303707071360635  0.08037117434915081  0.08937556203964123  0.10008908715756303
  0.11382764870286650  0.13160786234875135  0.15510358579717690  0.18916468363702427
  0.23990788263059537  0.33320937165211983  0.62248334010455497  1.00000000000000000
 -0.00313786633233779  0.01017201483059110  0.02158292218113337  0.03246641641394548
  0.04353839508153678  0.05454411801089517  0.06488777103580623  0.07443964244527194
  0.08372658394864781  0.09286449896708600  0.10181879534013466  0.11069425692845776
  0.11942009967512644  0.12863516611445319  0.13806014737445915  0.14747341028423674
  0.15709138862916111  0.16709236136230332  0.17758963905872738  0.18830563671262993
  0.19917199365567079  0.21036170831996989  0.22207903356055697  0.23435864487125499
  0.24606700516311852  0.25709342598401169  0.26799330059087573  0.27889082616325828
  0.28991712830392918  0.30119455620357272  0.31254167567056268  0.32487819891945319
  0.33569152656239232  0.34440418057204691  0.35316346890544975  0.36234498418768507
  0.37139268751012544  0.38021298541370607  0.38901774011183815  0.39926524476861414
  0.41147911070801330  0.42327875617568433  0.43491163336845251  0.44693017605611202
  0.45936782524113173  0.47125543456130176  0.48441112537869985  0.49766547398834188
  0.51029356742669418  0.52259602884455725  0.53500535560317242  0.54745780916930831
  0.55992547946561755  0.57250070601123382  0.58486632318875831  0.59709350546464635
  0.60947783892805674  0.62185619610907628  0.63374738624226223  0.64521201542906637
  0.65679031115654984  0.66809345424160727  0.67884887104872449  0.68884023242616799
  0.69787179984835634  0.70699151411834660  0.71561275101990951  0.72392518426634955
  0.73248929855548139  0.74125564545073797  0.75006315706038484  0.75982380464267330
  0.77021635845643577  0.78057021787999381  0.79069330474873578  0.80055406218350333
  0.81027057542828296  0.81995449713972768  0.82985841315157749  0.84021390370777149
  0.85093531357039054  0.86183315335704291  0.87256433901536479  0.88270678840856165
  0.89228427358055806  0.90162816529402912  0.91076841606815984  0.91979234877710991
  0.92878391781648550  0.93787946679572665  0.94747906778644420  0.95747103181468607
  0.96790818790834654  0.97894560877227854  0.98951715721537592  1.00000000000000000
   2.7421413929234108E-012  -1.0000000000000000     
 F F F F F F F F F F F F F F F F F F F F F F F F
  <DiscreteSampler_grid>
  grouped_processes
  1 # 1 for a reference and 2 for a running grid.
  10 # Attribute 'min_bin_probing_points' of the grid.
  1 # Attribute 'grid_mode' of the grid. 1=='default',2=='initialization'
  0.0000000000000000 # Attribute 'small_contrib_threshold' of the grid.
  0.5000000000000000 # Attribute 'damping_power' of the grid.
 # binID   n_entries weight   weight_sqr   abs_weight
    10   10   4.531671112668959E-001   6.937179160461632E-001   4.531671112668959E-001
  </DiscreteSampler_grid>
