  0.00002418460660265  0.00002994526158502  0.00003407519705292  0.00003767089971681
  0.00004097725447259  0.00004409515010609  0.00004707257492220  0.00005027789853121
  0.00005361985211337  0.00005716927583117  0.00006100217133494  0.00006504212703079
  0.00006884477054226  0.00007250323033625  0.00007660583501136  0.00008086680006956
  0.00008523831058998  0.00008956479152472  0.00009411573214289  0.00009921019890483
  0.00010469639115900  0.00011032030240867  0.00011592166285984  0.00012139354218885
  0.00012656519368752  0.00013212083844086  0.00013773787412766  0.00014292633453517
  0.00015019001699608  0.00015766469629871  0.00016534480504072  0.00017316380484976
  0.00018066685921572  0.00018832254646526  0.00019628297761194  0.00020603903448297
  0.00021716549490090  0.00022841875187235  0.00023918005834017  0.00024978641024074
  0.00026059934982621  0.00027161940211611  0.00028276972638610  0.00029385831810851
  0.00030483868635999  0.00031840866186315  0.00033223650866954  0.00034722437245442
  0.00036336707780929  0.00038185572242149  0.00040164324949387  0.00042094840276737
  0.00043995148169114  0.00046067596339050  0.00048255402500981  0.00050557258651927
  0.00052966139203616  0.00055654471695580  0.00058863561806595  0.00062509661701897
  0.00066450621552037  0.00070985908799505  0.00076269810528305  0.00082060944803868
  0.00088146715631900  0.00094578135361159  0.00101447057825405  0.00108996265214432
  0.00117640550786224  0.00127354150957027  0.00137886385122183  0.00149436696119821
  0.00162360738224121  0.00177352288249121  0.00194729772970134  0.00214947084372777
  0.00238130255090863  0.00266454179765297  0.00300796106935107  0.00337799265673750
  0.00379934788649231  0.00433041770589768  0.00502278010602214  0.00580741521828871
  0.00672079451184520  0.00790985754994808  0.00951686710381037  0.01185565831752630
  0.01502102711637139  0.01943417983515371  0.02605261756811062  0.03711153705209032
  0.05553196428651229  0.09126207803431351  0.18537904230607286  1.00000000000000000
  0.00000093146878114  0.00000387572787664  0.00000672913356569  0.00000940893425878
  0.00001215866543016  0.00001499159837437  0.00001811087144799  0.00002130995409675
  0.00002461385260181  0.00002813558511259  0.00003221363697268  0.00003644382407879
  0.00004079814799542  0.00004570462274259  0.00005090676444516  0.00005662020217699
  0.00006274449687306  0.00006909144771758  0.00007566386182941  0.00008291929971019
  0.00009044670614470  0.00009794355287611  0.00010528037599347  0.00011260732163860
  0.00012053488161693  0.00012916740755592  0.00013803762942881  0.00014679069110996
  0.00015548653380021  0.00016457534647304  0.00017476394292845  0.00018620021754611
  0.00019877758120830  0.00021290758782781  0.00022741430131362  0.00024151333894838
  0.00025629267102775  0.00027228008501483  0.00028919810588680  0.00030636310858901
  0.00032408219852024  0.00034288360813443  0.00036326750147122  0.00038567048031460
  0.00041209410947461  0.00044265320226540  0.00047598074965571  0.00051101329259452
  0.00054720334010362  0.00058596516012798  0.00062362153533219  0.00065975955650367
  0.00069716079308671  0.00073768393282957  0.00078120693217610  0.00082975822117563
  0.00088786242907190  0.00094885851588871  0.00101423342265287  0.00108611511235674
  0.00116335064634201  0.00125212367420919  0.00136061549447613  0.00148351463419590
  0.00161301388837368  0.00175541512372768  0.00191749517291363  0.00210206994418929
  0.00231075918882175  0.00254499818912379  0.00280806415901387  0.00309640741757096
  0.00340982458201739  0.00375358209771500  0.00416143600847318  0.00460967408326871
  0.00511860480480134  0.00567731786465084  0.00631915253979873  0.00710649236397632
  0.00809000140331009  0.00925003863179640  0.01061549520883784  0.01227101986286732
  0.01427252061564215  0.01680951586791355  0.01994764964976264  0.02415279584671877
  0.03014072055981456  0.03861731683746719  0.05172359306311506  0.07285479252193799
  0.11175600412609009  0.20623275931695087  0.80456893105200500  1.00000000000000000
 -0.00164707998684528  0.00660941124630145  0.01476749812154747  0.02370454251339545
  0.03349010543536850  0.04324476818488725  0.05260389005160583  0.06203618098151280
  0.07262466932924798  0.08339429157570044  0.09347680709175513  0.10329272338109619
  0.11318842541702129  0.12380023485934340  0.13521690812078591  0.14670224215384903
  0.15808357244645041  0.16946038599595326  0.18119468836765523  0.19259148979869553
  0.20330830377272083  0.21410874084457315  0.22444289837977185  0.23465073980451370
  0.24444296596705117  0.25443429277626939  0.26493472647149668  0.27560511778658026
  0.28670329398889377  0.29803357857666807  0.30880448101594826  0.32006303627668864
  0.33130804901334493  0.34161481680400058  0.35189245833589805  0.36213540664504112
  0.37117721831162981  0.38059076618140675  0.38982452563643044  0.39999589546283359
  0.41149162287741137  0.42190838788360407  0.43198231315304397  0.44204437393992463
  0.45208740306248185  0.46239735741048765  0.47254394700405222  0.48243098383400490
  0.49288251002852673  0.50345733088782485  0.51459328303872243  0.52537817152116706
  0.53558417418072357  0.54611542470377505  0.55776191171343881  0.56848674368753582
  0.57900326097892085  0.58952912576878513  0.59991631395495282  0.60995888380142427
  0.61962250146809239  0.62957902537172405  0.63964062259311116  0.64994483472932774
  0.66094745005746081  0.67266285152447403  0.68482329768756001  0.69711607349105542
  0.70932006075494569  0.72108987294928584  0.73211169657665376  0.74277657621879667
  0.75330828887546630  0.76309630112996407  0.77336122710310506  0.78348763746686301
  0.79343491344420514  0.80317317875326133  0.81351982233286591  0.82459571779789764
  0.83623957226348733  0.84769947631123022  0.85942079337405652  0.87050196184948403
  0.88105514441460608  0.89132207506424521  0.90160753540243377  0.91191410866237399
  0.92235010385261718  0.93315626645679950  0.94428077932701326  0.95541908251194652
  0.96629387700040414  0.97735621610569168  0.98877098530741947  1.00000000000000000
 -0.00053795361480105  0.00390838708826546  0.00451681329070223  0.00488300491656147
  0.00519614763600195  0.00544044970563843  0.00566642170322112  0.00586684993051898
  0.00606669019272504  0.00626616305786845  0.00645592942523675  0.00664365143651957
  0.00683743143088251  0.00703542641901949  0.00723905909656803  0.00745060473460614
  0.00766954887396925  0.00790001181110731  0.00813493522310030  0.00837469713379256
  0.00862217939537123  0.00888917132639858  0.00915944126187029  0.00943039171771104
  0.00972752618839514  0.01003954114392045  0.01036344380358578  0.01068972519126255
  0.01103250924943028  0.01138011891637550  0.01172621088550591  0.01209082426733379
  0.01245981696260837  0.01284063563646095  0.01324786336610925  0.01366716009801856
  0.01410761462625519  0.01456055569945786  0.01502107640612022  0.01551832051132967
  0.01602536063879666  0.01654664714878582  0.01708197578049396  0.01762766755805762
  0.01818266244324105  0.01876728640004291  0.01936775187959161  0.01999037857303686
  0.02066847393434846  0.02139589585250144  0.02217090706607142  0.02298879061089024
  0.02383836096772313  0.02471743679429358  0.02564218603156436  0.02661229950931660
  0.02760795016804773  0.02862272206075675  0.02966460995744327  0.03076285470925712
  0.03190299014525821  0.03308773520992165  0.03430766866768547  0.03558368531057924
  0.03691207912676906  0.03827762460424988  0.03969322514918865  0.04105136515474387
  0.04302484834478840  0.04527918407137902  0.04765370793209366  0.05014609423031979
  0.05275138851792505  0.05550948936042725  0.05844161559685110  0.06158251693605118
  0.06547509866342979  0.07006209249569852  0.07496221279079539  0.08024755094027473
  0.08634780127337718  0.09350892983282513  0.10115148390360497  0.11009105093948884
  0.12030759585575843  0.13242202083556318  0.14670876253778939  0.16385214562979972
  0.18470426233140544  0.20993080071305684  0.24201001955823095  0.28405095894314686
  0.34236088946671667  0.43282452298619600  0.59911738072809362  1.00000000000000000
 -0.00322331993899921  0.01021385663458284  0.02203977649396904  0.03339800051136912
  0.04440888518430439  0.05510797956262173  0.06595636183054411  0.07690095461732022
  0.08698423270127201  0.09603351581789736  0.10537460816179758  0.11548649158441435
  0.12534695492423906  0.13469035819214084  0.14424266679422468  0.15484224398218455
  0.16609686173216767  0.17644909069797374  0.18671685100420243  0.19704725701303558
  0.20673465880980865  0.21497663592893332  0.22263705484597388  0.23083782603202824
  0.23910197776389058  0.24711415621140556  0.25546395007106060  0.26392323538009033
  0.27318031278830307  0.28581234824550655  0.29812754506048073  0.31015434390783925
  0.32133146214344094  0.33157615452929412  0.34200691032769009  0.35264579036975124
  0.36337033297997839  0.37399804844308859  0.38481035715780304  0.39579250831819140
  0.40619023723568309  0.41589218971396913  0.42655336974301339  0.43729441270773806
  0.44896356467328907  0.46094509968323000  0.47461109049397288  0.48675023895795377
  0.49915402446746138  0.51135519514278005  0.52362389066134662  0.53544137367177769
  0.54677833650746910  0.55767433015858570  0.56842083047228742  0.57944265791033911
  0.59087624358457069  0.60211606468601431  0.61314438735487797  0.62406434679637723
  0.63542152676556363  0.64724833538921278  0.65924503279468183  0.67129098179669444
  0.68269961015208125  0.69471086326430453  0.70673122440520064  0.71887414142585127
  0.73098924191255543  0.74271024577683498  0.75408996910568948  0.76523500320576865
  0.77607761819461529  0.78694838439956172  0.79794830953334250  0.80904606538545820
  0.81976044955037719  0.83014836703917561  0.84064270773674055  0.85100464446373114
  0.86077272028548091  0.86972785336443148  0.87918616665267035  0.88906552328867738
  0.89854077201557370  0.90706759816358029  0.91504563089059543  0.92335821938373175
  0.93195671196637242  0.94077363326782582  0.94958667077187553  0.95882454720060240
  0.96859203921690462  0.97894495648998758  0.98954146917940744  1.00000000000000000
   5.2241038927992714E-012  -1.0000000000000000     
 F F F F F F F F F F F F F F F F F F F F F F F F
  <DiscreteSampler_grid>
  grouped_processes
  1 # 1 for a reference and 2 for a running grid.
  10 # Attribute 'min_bin_probing_points' of the grid.
  1 # Attribute 'grid_mode' of the grid. 1=='default',2=='initialization'
  0.0000000000000000 # Attribute 'small_contrib_threshold' of the grid.
  0.5000000000000000 # Attribute 'damping_power' of the grid.
 # binID   n_entries weight   weight_sqr   abs_weight
    10   10   1.738004033532449E+000   2.797450764448524E+001   1.738004033532449E+000
  </DiscreteSampler_grid>
