  0.00008703566706372  0.00009497733712875  0.00010046907232397  0.00010522563528387
  0.00010960005311681  0.00011428532438595  0.00011909651825167  0.00012376907104857
  0.00012902666852039  0.00013426294189725  0.00013950310012896  0.00014484953183219
  0.00015051094760794  0.00015652978771195  0.00016255956357475  0.00016869372016560
  0.00017492533151820  0.00018124179862421  0.00018795254084441  0.00019487466049214
  0.00020141366534963  0.00020748122062974  0.00021346055310888  0.00021969122623223
  0.00022675032008032  0.00023387518883467  0.00024100822349763  0.00024826061657846
  0.00025591570311020  0.00026355649432182  0.00027127066957983  0.00028055923909572
  0.00029162001421589  0.00030382263100662  0.00031683801052029  0.00033059924934306
  0.00034517971062436  0.00036110760279912  0.00037632198543388  0.00039026368665492
  0.00040472122948014  0.00042063980734687  0.00043725209521439  0.00045442982601969
  0.00047215466803220  0.00049086530667284  0.00051176162076884  0.00053524032653409
  0.00056043386826034  0.00058667420493228  0.00061538737605405  0.00064830148824154
  0.00068431601867559  0.00072211648857780  0.00075999516910269  0.00079609539665594
  0.00083609251035742  0.00087826542640123  0.00092194506642326  0.00096771567982141
  0.00102670469126425  0.00109698506288590  0.00116858513215276  0.00123848663097471
  0.00131090340963495  0.00138797554282835  0.00147309515248108  0.00157064475652711
  0.00168153273745867  0.00180598084082884  0.00193945666879012  0.00208737201880327
  0.00226034156839820  0.00248362792388146  0.00273293793801023  0.00300584857308733
  0.00330604038109933  0.00365023175576433  0.00404678521465966  0.00451593500882884
  0.00505923219955280  0.00567051477845342  0.00642012202501702  0.00746085172678450
  0.00881118011331099  0.01046768763014401  0.01256486643507602  0.01536626615982573
  0.01914505595935189  0.02446689121674631  0.03259145929955111  0.04511089522021990
  0.06529500126713547  0.10470730690667240  0.21127797011990940  1.00000000000000000
  0.00000193695104379  0.00000364307900183  0.00000497660447712  0.00000688359791059
  0.00000890569895351  0.00001096945442308  0.00001311482745867  0.00001531449288717
  0.00001769073250601  0.00002021732673047  0.00002284582916461  0.00002563104391693
  0.00002850763075633  0.00003153032163276  0.00003474766321336  0.00003819253413429
  0.00004187510470520  0.00004573397939248  0.00004977380156241  0.00005412396554511
  0.00005851977766041  0.00006336463219233  0.00006981120852403  0.00007866209354553
  0.00008735312586259  0.00009673115372007  0.00010692450186368  0.00011745496723539
  0.00012804921102314  0.00013886532675617  0.00014981133220391  0.00016132156225420
  0.00017410638195766  0.00018691739198418  0.00019960213493530  0.00021313478410933
  0.00022785437947014  0.00024320198037135  0.00025971175410116  0.00027756121794086
  0.00029641497008456  0.00031646940147097  0.00033865827536570  0.00036390672921264
  0.00039069918415246  0.00041735453294622  0.00044451900524046  0.00047336239684979
  0.00050546543293562  0.00054055537218067  0.00057769391155602  0.00062065383598943
  0.00067142416179340  0.00072650428976348  0.00078494582875964  0.00084693362494424
  0.00091480872422002  0.00098775956377933  0.00106865319161057  0.00115676255356444
  0.00125104149983789  0.00135719827597347  0.00147081467663322  0.00158983913151525
  0.00171345294543269  0.00185004509249554  0.00199972311295317  0.00216784052931169
  0.00235353152979838  0.00255939852062703  0.00279835108665368  0.00307909023595893
  0.00339908617700578  0.00375603009828164  0.00414625351197529  0.00457583883700992
  0.00508236163467227  0.00566426327383208  0.00631005172843029  0.00700966851891250
  0.00785313000912336  0.00893948965601052  0.01032240469795657  0.01190009617013574
  0.01371853217761327  0.01596341531769759  0.01890034532996020  0.02275810483089889
  0.02783099938214919  0.03505544141087703  0.04588392993292664  0.06200357166592105
  0.08904011155466485  0.14935952164944924  0.32918461655951520  1.00000000000000000
 -0.00275723112801399  0.01012536206667040  0.02079863122795932  0.03146774491870150
  0.04257008439817272  0.05487688750816681  0.06682267450893707  0.07859890503362835
  0.09011589787322777  0.10142894454592696  0.11252759795794653  0.12352519354391538
  0.13445964622753270  0.14618510986763328  0.15915032953647590  0.17261213975791614
  0.18567855990653473  0.19812868018691829  0.21010724114252327  0.22201244248470856
  0.23342775702552068  0.24473869751250057  0.25571334492430153  0.26650626394043292
  0.27699404061665395  0.28655853879762183  0.29643905852839691  0.30675583249081223
  0.31800455850207637  0.33001924780911085  0.34132027108921659  0.35231753823962414
  0.36272308062897374  0.37285836338992534  0.38308507870707897  0.39338430200324281
  0.40349343987600894  0.41374957456457517  0.42464101256457587  0.43594893158199877
  0.44696956237005137  0.45796937001224614  0.46933004735946260  0.47998153648445213
  0.48868481802190417  0.49757196292404732  0.50694785129500142  0.51606046404119699
  0.52484122827961510  0.53363500666828589  0.54306285978083602  0.55412898163280477
  0.56562725612449105  0.57582480958259441  0.58623349785839030  0.59636407979227735
  0.60613580573731385  0.61558705473157427  0.62515170413886578  0.63526410813601752
  0.64551324748460193  0.65576029533479663  0.66667713716070853  0.67871794633431259
  0.69145059091621619  0.70285032819031135  0.71425239205834268  0.72549220823501959
  0.73536238579839341  0.74459433460098046  0.75400244045141307  0.76282812973325764
  0.77151746475382310  0.78029909295753308  0.78945980156570839  0.79951466081195832
  0.81034407219365145  0.82204933040693740  0.83345176649313879  0.84327465287320524
  0.85247953406442178  0.86174526589364020  0.87122040874776741  0.88060544326455537
  0.88986178926526660  0.89972022729628476  0.91073132882779650  0.92215443128736929
  0.93402660930256076  0.94458548373820561  0.95452297044927292  0.96391868359852351
  0.97350954720546412  0.98263609112784722  0.99139988847515237  1.00000000000000000
 -0.00049440385886725  0.00404240534562817  0.00465896487007901  0.00502383021015779
  0.00532626774854831  0.00558610604044348  0.00582503630889486  0.00606680695190493
  0.00630558136479106  0.00653728485118846  0.00676565678970695  0.00699173825891020
  0.00722420609977099  0.00746278475713764  0.00772346228089210  0.00799063440452608
  0.00826275330335265  0.00853932810138929  0.00881903859317958  0.00910238653233356
  0.00939110799238237  0.00969097522037185  0.01000439773680712  0.01032953984992276
  0.01066505976253326  0.01101144273864841  0.01137120182841339  0.01174090549270275
  0.01212370253654238  0.01251861338543080  0.01291859077689181  0.01334133751575154
  0.01377071039335068  0.01420701819647273  0.01465343842994037  0.01511683033051625
  0.01559740250052936  0.01609652315669483  0.01661049947257002  0.01713556194314084
  0.01768580695736998  0.01824919869799714  0.01882665117898904  0.01941963650790377
  0.02003219306302897  0.02067538393467207  0.02136546249876733  0.02210849419754095
  0.02287815724482952  0.02367317082306997  0.02449756895961493  0.02534533243861516
  0.02622671661780022  0.02714514280054982  0.02809665168214965  0.02907544758754187
  0.03008065404443854  0.03111616458951290  0.03218277995748062  0.03328707589202305
  0.03443731126420784  0.03562958186471250  0.03685160031668352  0.03811430681924972
  0.03941902159090020  0.04073600844909075  0.04235089888850038  0.04422642981317031
  0.04621196053043001  0.04827028038510969  0.05044945127803818  0.05273711725377938
  0.05514571969554345  0.05766574754409386  0.06029581674462717  0.06320254257181750
  0.06748347051170307  0.07191427974529904  0.07672304056793582  0.08190602289947585
  0.08814759386648226  0.09531714325390683  0.10332370798470500  0.11287214640172837
  0.12338126001761981  0.13596856844565883  0.15071349492111705  0.16807942226917874
  0.18880517045819450  0.21428442817848614  0.24684109774875540  0.28902554050430707
  0.34700132040142034  0.43907649323285219  0.59914589119453010  1.00000000000000000
 -0.00284740373470876  0.00966890925776361  0.02054301439549571  0.03140003993694462
  0.04196710342230429  0.05171472880303603  0.06114698421051096  0.07078299055726966
  0.08078880033064674  0.09088595540431872  0.10075371799585757  0.11036760695107863
  0.11972551646792104  0.12890657796617291  0.13814210559259082  0.14756630769135898
  0.15761651037150168  0.16818338525299600  0.17923867588668685  0.19043363901671403
  0.20148535010722329  0.21237013549773007  0.22328001280684265  0.23309803694994194
  0.24205319780423323  0.25098571711057460  0.26043907471755412  0.27000901856918036
  0.27976535473441472  0.28966741085129127  0.29965301635083130  0.30982020650731695
  0.31990851490599237  0.32946126812355725  0.33926349982486753  0.34964772622893070
  0.36147704652121482  0.37395483734115870  0.38512340252573452  0.39628855514459688
  0.40811621135663312  0.42040045185269403  0.43204358121737618  0.44346898271831692
  0.45473715698180073  0.46572207179163355  0.47713638732462910  0.48985695081078517
  0.50335308873382778  0.51657020661044772  0.52940168516681918  0.54108334150640891
  0.55314713939273275  0.56587453929630116  0.57969615440674460  0.59111503914469321
  0.60127281789108178  0.61105247282308783  0.62049639598920159  0.63005785260723368
  0.63980638577495863  0.65075689964979588  0.66326244764026610  0.67511643325949100
  0.68670906242813523  0.69832644407254429  0.70963613099125966  0.71930790739148320
  0.72851756471414231  0.73755133954089069  0.74623972063671706  0.75504251365973796
  0.76415190667220423  0.77394518928351164  0.78422709522461043  0.79445591389210624
  0.80424718346451707  0.81397046688323982  0.82406937942959912  0.83435215242242489
  0.84499834662411988  0.85577863424067135  0.86627904910065323  0.87718573873024630
  0.88849982954391571  0.89934853793313185  0.90950135006862209  0.91938039459259258
  0.92903491665326732  0.93867530634006680  0.94841209681847782  0.95826040400752011
  0.96837186545119425  0.97849493628156259  0.98925747938668540  1.00000000000000000
   4.6220771478403845E-012  -1.0000000000000000     
 F F F F F F F F F F F F F F F F F F F F F F F F
  <DiscreteSampler_grid>
  grouped_processes
  1 # 1 for a reference and 2 for a running grid.
  10 # Attribute 'min_bin_probing_points' of the grid.
  1 # Attribute 'grid_mode' of the grid. 1=='default',2=='initialization'
  0.0000000000000000 # Attribute 'small_contrib_threshold' of the grid.
  0.5000000000000000 # Attribute 'damping_power' of the grid.
 # binID   n_entries weight   weight_sqr   abs_weight
    10   10   8.257525204203178E+000   4.241811517810639E+002   8.257525204203178E+000
  </DiscreteSampler_grid>
