  0.00001061642658992  0.00001239906607034  0.00001373774080653  0.00001515100455434
  0.00001663193749189  0.00001818143751889  0.00001992116100300  0.00002171778060367
  0.00002356740733135  0.00002549828043421  0.00002746509827346  0.00002958587400105
  0.00003191648723398  0.00003458687207977  0.00003766039609496  0.00004097092646503
  0.00004443630987234  0.00004794742683020  0.00005173047043074  0.00005554697827912
  0.00005912039946385  0.00006317013788036  0.00006816100985930  0.00007376663970088
  0.00007994368657648  0.00008636056351894  0.00009266540176683  0.00009878729074303
  0.00010500166362894  0.00011108700722445  0.00011770526457689  0.00012463631977403
  0.00013183114438138  0.00013940117850018  0.00014754252585371  0.00015588930895437
  0.00016484989478539  0.00017425322562909  0.00018413598844653  0.00019498390125822
  0.00020678171404182  0.00021908592669320  0.00023198953918286  0.00024517571540295
  0.00025828650340538  0.00027136846320739  0.00028446174072150  0.00029777755901950
  0.00031259660988999  0.00032825298762164  0.00034510408613182  0.00036458414654695
  0.00038642813176018  0.00041103863741421  0.00043642599291943  0.00046309960642558
  0.00049194518578351  0.00052317869771491  0.00055734832008412  0.00059580588143739
  0.00063609508415337  0.00068087900750479  0.00072930062248854  0.00077384632196928
  0.00081599809263567  0.00086106650818698  0.00090793988535407  0.00095911485300943
  0.00101762523656648  0.00110048513383256  0.00120379988204493  0.00131740527667942
  0.00143830447987868  0.00156907179920101  0.00172024125320404  0.00190187205431544
  0.00212448102405624  0.00238866385914865  0.00269228917825600  0.00304683818948676
  0.00346295939260881  0.00394474823598944  0.00451117519234565  0.00520222451205140
  0.00610990572065523  0.00725942341297482  0.00879123245240248  0.01095085669981713
  0.01391131101567826  0.01836094541897323  0.02500191313487143  0.03533844607862033
  0.05345625131232652  0.08751340504008187  0.18938263380043854  1.00000000000000000
  0.00000142997990773  0.00000318991662648  0.00000503590843847  0.00000708389182378
  0.00000919518762386  0.00001131680311356  0.00001350139380198  0.00001576501663307
  0.00001810730240754  0.00002054777548414  0.00002307783418240  0.00002568479472272
  0.00002840771486363  0.00003143988641452  0.00003471785190911  0.00003826648216675
  0.00004183402263766  0.00004546965134737  0.00004920959623313  0.00005311312510421
  0.00005726540028955  0.00006157408266845  0.00006642196830986  0.00007360103483762
  0.00008136713188608  0.00008914074180071  0.00009772159373681  0.00010704294271127
  0.00011686873473051  0.00012737223460817  0.00013885202853987  0.00015018626287305
  0.00016172261391966  0.00017379485000868  0.00018638320818276  0.00019971665300398
  0.00021516805404431  0.00023159732156140  0.00024906318927656  0.00026696464059973
  0.00028533713013134  0.00030444126579480  0.00032429015545194  0.00034525835087320
  0.00036658916112780  0.00038683855453002  0.00040790380792280  0.00043143932487105
  0.00045666641437196  0.00048278563765530  0.00051134030036877  0.00054397532100480
  0.00057922539841745  0.00061560097857482  0.00065412987029486  0.00069756188864248
  0.00074770290700091  0.00080417371112470  0.00086640895037015  0.00093501643006018
  0.00101001438804696  0.00109001835111037  0.00117951384253946  0.00127922375144921
  0.00138893597834560  0.00151376612980160  0.00165085639241738  0.00180347550055379
  0.00197210455728755  0.00215734217817816  0.00235151771370053  0.00256216959844367
  0.00280301957792611  0.00308836263057319  0.00343997207729536  0.00383053692107649
  0.00428507492409007  0.00481885918790565  0.00543114097784033  0.00612573764525110
  0.00693640604406757  0.00789938930897427  0.00901899781992989  0.01029891597508914
  0.01189875081502570  0.01387045138756806  0.01645578345289625  0.01969910191208551
  0.02371028087651072  0.02930966631754607  0.03788152240439840  0.05010041883358961
  0.06908532520862673  0.10786707827089359  0.19396511083330847  1.00000000000000000
 -0.00300385825173385  0.00955980038775236  0.02128521420202835  0.03292310299667058
  0.04427523087461704  0.05522549202535457  0.06592566715866810  0.07660195009247528
  0.08717161883895654  0.09766353447374654  0.10868796814063400  0.12066168829322182
  0.13328007049112109  0.14544377949871209  0.15620571375357847  0.16675075369168951
  0.17793352177403415  0.18943465012841434  0.19985146585483360  0.20989372763392966
  0.22014438251320920  0.23047788520596030  0.24014255722974626  0.24983576720806633
  0.26080862701731261  0.27176843171094156  0.28201319775208161  0.29182614713380750
  0.30310024251014250  0.31524108713925986  0.32801358456462149  0.34059563738893783
  0.35252831663544010  0.36356335451357213  0.37441202615649088  0.38538078065191161
  0.39746823793659819  0.41016185492135371  0.42239250207228279  0.43400714817743352
  0.44536914782317066  0.45634695950764453  0.46671549655065842  0.47661337466588882
  0.48663497071839446  0.49658220805061049  0.50625318557345778  0.51569843347237554
  0.52571868819635148  0.53638737764809419  0.54742116592458656  0.55884949286129759
  0.57089409815751002  0.58299974477921679  0.59491612257934101  0.60679905289188263
  0.61908185371605717  0.63086971589788277  0.64187308636339946  0.65222928833042704
  0.66215164331143850  0.67279529058620990  0.68401979493405918  0.69582500859572238
  0.70788641049117085  0.71982461092677830  0.73150056528566532  0.74247696905453309
  0.75285807730417775  0.76357144480522521  0.77461285798708701  0.78595116424258926
  0.79669541112677544  0.80753130846056009  0.81890930419781160  0.83048289929063723
  0.84140341522260254  0.85214383213783351  0.86312731090702433  0.87357520799883359
  0.88116841627003295  0.88820487943692217  0.89540091951812817  0.90221635121479726
  0.90926627107732438  0.91668871812761321  0.92437725286213379  0.93177140279173432
  0.93936239492867790  0.94893940835341195  0.95914582625928835  0.96873327764425921
  0.97764400016830733  0.98524947619237235  0.99236496872169466  1.00000000000000000
 -0.00061214704143316  0.00413158296367108  0.00464860412901196  0.00498347279014826
  0.00526364560527214  0.00547475488919014  0.00566947027718952  0.00585549378137023
  0.00603726615120599  0.00621857675443874  0.00640014542895750  0.00658663236881824
  0.00678720394416733  0.00698983726173960  0.00719391399270591  0.00741389549899291
  0.00763653708357795  0.00786293576658883  0.00809143397904391  0.00832275161574346
  0.00858492262375185  0.00884912753783772  0.00911580349123212  0.00939162980963370
  0.00967311932247935  0.00996492507043699  0.01026659557086798  0.01057486470927808
  0.01089104051077373  0.01121738700746049  0.01155385726183533  0.01190162818152701
  0.01226241838067640  0.01263390912965423  0.01301558200300284  0.01341005074386916
  0.01382582463413020  0.01426691955720199  0.01472574938412434  0.01520020404347508
  0.01569001947965892  0.01620006914800488  0.01672774236148545  0.01726968366584366
  0.01783114562271341  0.01840988617580947  0.01900558612210631  0.01962537979647250
  0.02026338647808067  0.02091917475186629  0.02169607850172602  0.02249296723088819
  0.02331565909254876  0.02416444469311839  0.02505179472101953  0.02598197679035063
  0.02695199226809313  0.02797066534420269  0.02902910066164648  0.03011153148067590
  0.03122862553612341  0.03238569339914209  0.03358008703018404  0.03480748271759468
  0.03608413725760034  0.03741682628469612  0.03881136532841978  0.04024508916159273
  0.04176194660304616  0.04402341206797840  0.04649579178340685  0.04906355203190588
  0.05177020423744620  0.05463083273611613  0.05766398620751018  0.06089234331889422
  0.06470722715607166  0.06935207269203628  0.07418057704601141  0.07933830314075026
  0.08528153946750344  0.09253376692494046  0.10025554105462664  0.10908701119904761
  0.11932333442125859  0.13133154934234745  0.14562736087856243  0.16248940152274011
  0.18330083018577475  0.20852286948901377  0.24102167574534097  0.28282356157855976
  0.34106583551473985  0.43194349546212107  0.59920938090797660  1.00000000000000000
 -0.00304592730874237  0.01069449355555015  0.02210284196214666  0.03326026417740278
  0.04362986897541874  0.05344723503201641  0.06317602394089129  0.07313097190723143
  0.08335339991512367  0.09348862534420839  0.10337409501936855  0.11322275335304494
  0.12272488066426838  0.13128266111481718  0.13959260665393747  0.14818368333716925
  0.15666970612416950  0.16523485032263455  0.17367630638839146  0.18211231576629397
  0.19104104944483957  0.20232623254308452  0.21301495982272325  0.22409823994156958
  0.23516677555975193  0.24620932200661050  0.25680922616198287  0.26706548893533422
  0.27795437248517685  0.28895860162748788  0.30026707118833090  0.31163354734358373
  0.32298671134877843  0.33438907754683733  0.34604007637153833  0.35751965375618783
  0.36896007798650488  0.38094175887688969  0.39350515890710680  0.40594925511990454
  0.41775671089260530  0.42944540455882901  0.44111292023618037  0.45251882130754445
  0.46419996009912412  0.47649416791435245  0.48930026927066800  0.50249578942018713
  0.51547609595345389  0.52801020397358911  0.54004318253383610  0.55186716000777014
  0.56334003702287427  0.57435738159782568  0.58579103285954826  0.59730789600250123
  0.60821065125311857  0.61871259906121379  0.62921309263102954  0.64007021782109563
  0.65106754273806156  0.66192875866315659  0.67264578565058586  0.68347907497802274
  0.69472805499896806  0.70613706251622210  0.71736617008542747  0.72862537409819272
  0.74031547497391048  0.75267135332114732  0.76529504775402857  0.77746404220716769
  0.78913926898409059  0.80066456722935708  0.81179611367016535  0.82228871999213038
  0.83257306554113963  0.84260042294821047  0.85271920487483133  0.86215947264692683
  0.87141730434783715  0.88093209241747295  0.89031562281023546  0.89964589628258973
  0.90912458347393388  0.91765156545524507  0.92462685091190522  0.93151624350995132
  0.93874167107539042  0.94599112527417117  0.95352899561414783  0.96131476538478022
  0.96907604021656302  0.97633856600957869  0.98589967510280252  1.00000000000000000
   5.3758852954342552E-012  -1.0000000000000000     
 F F F F F F F F F F F F F F F F F F F F F F F F
  <DiscreteSampler_grid>
  grouped_processes
  1 # 1 for a reference and 2 for a running grid.
  10 # Attribute 'min_bin_probing_points' of the grid.
  1 # Attribute 'grid_mode' of the grid. 1=='default',2=='initialization'
  0.0000000000000000 # Attribute 'small_contrib_threshold' of the grid.
  0.5000000000000000 # Attribute 'damping_power' of the grid.
 # binID   n_entries weight   weight_sqr   abs_weight
    10   10   9.963129535743400E-001   3.612580998318712E+000   9.963129535743400E-001
  </DiscreteSampler_grid>
